,0,1,2,3,4,5,6,7,8,9,10,11,12,13,14,15,16,17,18,19,20,21,22,23,24,25,26,27,28,29,30,31,32,33,34,35,36,37,38,39,40,41,42,43,44,45,46,47,48,49,50,51,52,53,54,55,56,57,58,59,60,61,62,63,64,65,66,67,68,69,70,71,72,73,74,75,76,77,78,79,80,81,82,83,84,85,86,87,88,89,90,91,92,93,94,95,96,97,98,99
Weights_1,0.5154645359723894,0.036683244053712705,0.6745163118716756,0.6193517599913089,0.3143549752339436,0.5044925723204741,0.932783790796572,0.21811876120968976,0.9150766560704805,0.7518366677414303,0.5299980712986073,0.6040690252100102,0.7464684261539408,0.7081505674063155,0.5881785096649584,0.8110224694121746,0.46006809728152376,0.2809814880877163,0.14018403512879674,0.9791151977023259,0.5648191701681595,0.7551344688706992,0.8162197595772301,0.4433675880052321,0.674948827814545,0.660088763467799,0.13393743282192405,0.7417944436009162,0.7362622609409292,0.8714630154901348,0.5575613010378029,0.8788643171636141,0.5832605800494243,0.6955057288137779,0.6648046797000666,0.7088869967876994,0.9973021702820789,0.348959491475763,0.6372908652269038,0.22726546420173033,0.9576713654484517,0.6856059435327863,0.7877428304701168,0.5368961191960747,0.9460976630658119,0.45785881903718384,0.007220310224907545,0.11695809251720546,0.8414407909758674,0.47199774264130456,0.9342621956083544,0.7208221032910538,0.06599906153671431,0.7894403416421376,0.8766617533421822,0.2756060792489796,0.8438223164784577,0.7208511930774176,0.6517915746840193,0.8165525118426586,0.6340541439962128,0.543640888042106,0.6287579994929017,0.11812278059977732,0.08350936325561253,0.8240485219931106,0.9795559395070571,0.9365385632595032,0.001935843140982274,0.1473671135847745,0.6360169338091249,0.4547077865218144,0.8109932095453197,0.3134715787348753,0.8617401307494477,0.6316222269960872,0.7478355190711519,0.025789198933050206,0.26830734736651896,0.385178142837423,0.2457258560248854,0.9294219164479938,0.22175598347912828,0.6063715125134531,0.4421672574811041,0.4792006345111901,0.33093914740744934,0.377464942988075,0.8609653485251604,0.7207272779424697,0.20716563052159687,0.40420766776770267,0.8156062741297112,0.019641951705446803,0.6392438913351883,0.8270619541789317,0.5682063576744294,0.6747927048486237,0.1481002232372025,0.2688581160374506
Biases_1,0.6630806933651038,0.29469788267646646,0.41943632021388855,0.5230081171953557,0.5390183189025718,0.5558802709908951,0.5629261405767769,0.2175731450568572,0.92066436148619,0.5003067519232052,,,,,,,,,,,,,,,,,,,,,,,,,,,,,,,,,,,,,,,,,,,,,,,,,,,,,,,,,,,,,,,,,,,,,,,,,,,,,,,,,,,,,,,,,,
Weights_2,0.23637950692119147,0.6045543968528425,0.523987398529301,0.8803749961448907,0.10471907287234328,0.4496345857067049,0.7419682087012739,0.8339714876725823,0.281127840025474,0.9815677099649053,0.29645985630783567,0.9067796543142409,0.5940081360895163,0.68735543392594,0.31595489435216517,0.699573751473957,0.9678137577164001,0.21957904047077692,0.29635859537099885,0.5453180990972633,0.6130322724687707,0.02883142936108518,0.9987316582590057,0.7855486539717619,0.42380301696832867,0.6286939713867861,0.13587402509676338,0.42272847497315325,0.9996133228198308,0.4467486245412351,0.13738558955565194,0.27132627637628204,0.8083790457353491,0.44349144615405145,0.3649553983376149,0.046185194636911064,0.9203868974048565,0.5095066697110429,0.7263093350173732,0.334091202980493,0.08527211495438014,0.23064925293765948,0.7493447970446612,0.5708339477750216,0.2259443454647767,0.9783632891387668,0.8819117762528328,0.8114209135119124,0.8598032133201657,0.726862499167788,0.574185988575099,0.38743702685117376,0.6965464596774716,0.2307535445697364,0.5355105816032911,0.5876769858564701,0.6483346599800838,0.7638340055098899,0.9722542230031429,0.9053643908373697,0.9021327170158021,0.8169556250263446,0.5664288670573504,0.9843907736622971,0.8413438653782194,0.9958825159171496,0.4634310480464434,0.3998579783315672,0.4759478618668447,0.7288330815368249,,,,,,,,,,,,,,,,,,,,,,,,,,,,,,
Biases_2,0.0575769915170421,0.35974897280291995,0.4314566507262414,0.09399998213935312,0.14473697726494605,0.7277206381623774,0.07847485913480068,,,,,,,,,,,,,,,,,,,,,,,,,,,,,,,,,,,,,,,,,,,,,,,,,,,,,,,,,,,,,,,,,,,,,,,,,,,,,,,,,,,,,,,,,,,,,
Weights_3,0.33349380311473875,0.1369853951705915,0.5918512700016194,0.2657146040773902,0.3912622869779723,0.809391936439702,0.8581280645494704,0.5595777065886758,0.514699749454768,0.5104469051598685,0.4852806153993632,0.6214207317005946,0.2325516183144497,0.5173084157910125,0.0031162141800397114,0.5980821033697858,0.47786867313640335,0.8545377262311498,0.7636501962363071,0.953940646824047,0.5662919973135008,0.35444415903677684,0.8015348424413553,0.13985376442903763,0.40694683751249394,0.26358197126859484,0.4644574138380495,0.8484605326345044,0.4245499512590717,0.420137151489278,0.22337484299215593,0.4789646600998215,0.5127208598409798,0.3567376657578082,0.9732480335696088,,,,,,,,,,,,,,,,,,,,,,,,,,,,,,,,,,,,,,,,,,,,,,,,,,,,,,,,,,,,,,,,,
Biases_3,0.4025610334859052,0.941229816301395,0.19493331962730542,0.31952401055035196,0.41631758929352847,,,,,,,,,,,,,,,,,,,,,,,,,,,,,,,,,,,,,,,,,,,,,,,,,,,,,,,,,,,,,,,,,,,,,,,,,,,,,,,,,,,,,,,,,,,,,,,
Weights_4,0.8313832279606923,0.054003371838535874,0.16595124969809472,0.9703290340815587,0.05737848849584426,0.9742746262202031,0.001029221432702454,0.48368961931037235,0.6046351961912262,0.1780595759893996,0.5343410035560953,0.4415862988586077,0.5560029254411822,0.755584862049747,0.6188543734950114,,,,,,,,,,,,,,,,,,,,,,,,,,,,,,,,,,,,,,,,,,,,,,,,,,,,,,,,,,,,,,,,,,,,,,,,,,,,,,,,,,,,,
Biases_4,0.4552848316146584,0.5592759115263416,0.369463652756269,,,,,,,,,,,,,,,,,,,,,,,,,,,,,,,,,,,,,,,,,,,,,,,,,,,,,,,,,,,,,,,,,,,,,,,,,,,,,,,,,,,,,,,,,,,,,,,,,
Weights_5,0.6803764549840304,0.9344701185462029,0.5650713405096482,0.05629022689857155,0.30298440996754994,0.282224676461175,,,,,,,,,,,,,,,,,,,,,,,,,,,,,,,,,,,,,,,,,,,,,,,,,,,,,,,,,,,,,,,,,,,,,,,,,,,,,,,,,,,,,,,,,,,,,,
FitnessValue,,,,,,,,,,,,,,,,,,,,,,,,,,,,,,,,,,,,,,,,,,,,,,,,,,,,,,,,,,,,,,,,,,,,,,,,,,,,,,,,,,,,,,,,,,,,,,,,,,,,
