,0,1,2,3,4,5,6,7,8,9,10,11,12,13,14,15,16,17,18,19,20,21,22,23,24,25,26,27,28,29,30,31,32,33,34,35,36,37,38,39,40,41,42,43,44,45,46,47,48,49,50,51,52,53,54,55,56,57,58,59,60,61,62,63,64,65,66,67,68,69,70,71,72,73,74,75,76,77,78,79,80,81,82,83,84,85,86,87,88,89,90,91,92,93,94,95,96,97,98,99
Weights_1,0.13109145558638813,0.048064001241622134,0.7618879681651183,0.4898559592116859,0.15675454947477008,0.6815449685960998,0.1474912385359619,0.054907473515685035,0.5380239005114703,0.37037456208029496,0.6336516280446518,0.520493430510714,0.19786645146474902,0.7082152660652449,0.815467673205516,0.934212421741575,0.23178960054693254,0.8243094013242991,0.34176154239536993,0.6096959663328599,0.7420131556553259,0.26620645497801554,0.25345923874547127,0.6235610857428737,0.5219414324713365,0.32156617347563954,0.21003625660933167,0.7639360287000189,0.8768620111903527,0.33268950720813706,0.6172474843043346,0.31822559195121136,0.532204249997885,0.8125413817013151,0.8185623035355137,0.2822006957498807,0.09871122842224778,0.1633624319150252,0.29217567086065166,0.11341291166613476,0.9077729451864975,0.7098944999817519,0.5306105357991723,0.28556413160402927,0.4049791373891941,0.1284451545889037,0.8337135413881445,0.8914927002296839,0.22852277475347227,0.7751235601784886,0.5534757646037888,0.3717457052777957,0.6917089160552463,0.26217229253262964,0.9449248839613364,0.7230010485697033,0.3161821634260309,0.6215494149265617,0.5466582333573852,0.9775185476611361,0.174026296378625,0.05509645504099403,0.03422289083812402,0.6546046361695533,0.8578732583464995,0.10648267603935357,0.6089158179310619,0.72270704991602,0.660259307842164,0.4080753265367253,0.6585306826446751,0.8848943014819477,0.7011292658757114,0.09042295049004001,0.7311152123728384,0.3759499038458699,0.7608478311217631,0.3573868228467548,0.32987173810770876,0.9942750251778076,0.27462315470871823,0.9722010995141418,0.9253643229346181,0.6293136518938965,0.20811351832598557,0.3757756985860734,0.9665379733774623,0.8725182515967481,0.3856142824942498,0.9986784609178047,0.8154068400064363,0.9202785991813595,0.6627069753221786,0.92263471105223,0.6216790702356366,0.3591003363759889,0.008702940436239759,0.729992516718704,0.5505476280110506,0.6681712834441933
biasesOne,0.14160157214515778,0.17357142502668188,0.7480496727013949,0.3259910903717843,0.542058845900887,0.9446859271972115,0.8999977709667201,0.6086650214538639,0.8804710504451583,0.2477727676191217,,,,,,,,,,,,,,,,,,,,,,,,,,,,,,,,,,,,,,,,,,,,,,,,,,,,,,,,,,,,,,,,,,,,,,,,,,,,,,,,,,,,,,,,,,
Weights_2,0.8873068767159232,0.09556522090224107,0.8579113169266586,0.5433980320174226,0.8403575673072965,0.5141331115593406,0.1924210481249663,0.15983094469936054,0.1100367262759121,0.04774013720840009,0.29985555689773435,0.6380627784628174,0.14294997229039008,0.4228075352402273,0.6927852042841895,0.4891037854855631,0.5392878674425482,0.8521537748440061,0.46152411824530293,0.8174950488028675,0.9867376691596949,0.872244827078584,0.44371171343992366,0.8026206744823683,0.2657308578480684,0.5301385563662855,0.4855871877528529,0.5460899575119229,0.28235441002040584,0.6738113988827272,0.6498573272031583,0.8664525572745803,0.3082842676339944,0.9988655294747665,0.7231895689087671,0.2781167366411431,0.8072981709198626,0.7075739606371002,0.14363376890419932,0.7983292050269107,0.47449920955567404,0.5607797430840029,0.24720609578534403,0.46452230478515333,0.5769909460969312,0.8733792042977898,0.8989928501353874,0.8453253293158197,0.7113906048078548,0.0729226765911496,0.04529115991903576,0.4106251481453068,0.07836760038822221,0.738945462364407,0.4292023146806574,0.1188694493223571,0.9443023734352348,0.6538971035116186,0.8587055306955628,0.4187016547872968,0.9343919046857643,0.27080094055370063,0.5144687133404108,0.09416892990393466,0.7165950826885411,0.18204405042871574,0.753507918621789,0.2306350547559134,0.37269933357769336,0.5754349001391241,,,,,,,,,,,,,,,,,,,,,,,,,,,,,,
biasesTwo,0.7930920852267014,0.9920091185547729,0.501273234290831,0.9582393857348374,0.5284566165531425,0.7458456454513386,0.4087046450988233,,,,,,,,,,,,,,,,,,,,,,,,,,,,,,,,,,,,,,,,,,,,,,,,,,,,,,,,,,,,,,,,,,,,,,,,,,,,,,,,,,,,,,,,,,,,,
Weights_3,0.8604978642731479,0.25962370083795816,0.19672561756255846,0.208955193452106,0.10199712096526459,0.7646318198428159,0.4558303468018249,0.54610089052454,0.08119278124894902,0.6338792565029004,0.8607888791092226,0.7606517541333057,0.29093513918964076,0.8917880141822093,0.7058781186920093,0.9528028050868584,0.94052149030632,0.5719124246307095,0.37432066314860923,0.7763274071613566,0.8391145390744602,0.25648040418899176,0.31743252419009793,0.11723192216659517,0.9399834749524109,0.777567024157577,0.21334829105493303,0.6630799960623923,0.8855950366577077,0.7592933428662538,0.6424054223216372,0.458531808044605,0.8542414246554677,0.21838986983292275,0.9206795799264059,,,,,,,,,,,,,,,,,,,,,,,,,,,,,,,,,,,,,,,,,,,,,,,,,,,,,,,,,,,,,,,,,
biasesThree,0.23505415609622615,0.8529341958908414,0.3879093757528038,0.9412677499300308,0.8465300380683837,,,,,,,,,,,,,,,,,,,,,,,,,,,,,,,,,,,,,,,,,,,,,,,,,,,,,,,,,,,,,,,,,,,,,,,,,,,,,,,,,,,,,,,,,,,,,,,
Weights_4,0.8136171427191135,0.5291915377614752,0.5311536713438507,0.3414093601176591,0.36223215771092576,0.4215914118163996,0.13451890646593434,0.5237303810610168,0.2280162728270827,0.5373666899372457,0.9268346642006285,0.8317008508856107,0.6035401327252293,0.2983744728790041,0.10289953764598192,,,,,,,,,,,,,,,,,,,,,,,,,,,,,,,,,,,,,,,,,,,,,,,,,,,,,,,,,,,,,,,,,,,,,,,,,,,,,,,,,,,,,
biasesFour,0.06968605186966037,0.26246976572548186,0.5432983966704784,,,,,,,,,,,,,,,,,,,,,,,,,,,,,,,,,,,,,,,,,,,,,,,,,,,,,,,,,,,,,,,,,,,,,,,,,,,,,,,,,,,,,,,,,,,,,,,,,
Weights_5,0.1239080439527066,0.566261820241545,0.23769632857097245,0.11734975004329418,0.33540747846598506,0.8770285616329555,,,,,,,,,,,,,,,,,,,,,,,,,,,,,,,,,,,,,,,,,,,,,,,,,,,,,,,,,,,,,,,,,,,,,,,,,,,,,,,,,,,,,,,,,,,,,,
FitnessValue,,,,,,,,,,,,,,,,,,,,,,,,,,,,,,,,,,,,,,,,,,,,,,,,,,,,,,,,,,,,,,,,,,,,,,,,,,,,,,,,,,,,,,,,,,,,,,,,,,,,
