,0,1,2,3,4,5,6,7,8,9,10,11,12,13,14,15,16,17,18,19,20,21,22,23,24,25,26,27,28,29,30,31,32,33,34,35,36,37,38,39,40,41,42,43,44,45,46,47,48,49,50,51,52,53,54,55,56,57,58,59,60,61,62,63,64,65,66,67,68,69,70,71,72,73,74,75,76,77,78,79,80,81,82,83,84,85,86,87,88,89,90,91,92,93,94,95,96,97,98,99
Weights_1,0.25133441895728104,0.16656337100005203,0.4449953833237137,0.12670735093475527,0.5332195396769882,0.3183400781311634,0.6241326450079369,0.6623833347351373,0.45926455516893383,0.4057713612196874,0.3206282356064203,0.06151725783760098,0.7008746612440768,0.5799669363072317,0.3741918240432932,0.853355681807686,0.9423633618247282,0.24237395466342837,0.4234485071412404,0.6539307501210496,0.23582170834287575,0.4815768010111502,0.08098062987131616,0.2951358224473508,0.31833897601600647,0.9969015815597397,0.32579236315329796,0.48055639191665367,0.9871523350192961,0.8142190407858207,0.8150976789557487,0.06934060396616704,0.15683697667252638,0.9991980248962383,0.11017659875396013,0.1591858364287868,0.6834954190050194,0.046180204879471276,0.24527695594025933,0.8331068786906898,0.5456928133720318,0.9895400269611203,0.7006019340759296,0.40548644513285714,0.45559305161763153,0.027206641873583015,0.4983967519764866,0.0915816328490473,0.41050751478207914,0.9701033633122589,0.987997597998786,0.5986348142608573,0.46408917313752385,0.9135391358700439,0.5852031629395775,0.9358443040203915,0.2740393355487143,0.08930441527180633,0.36068063383834625,0.46443262218767856,0.8539040184000074,0.5126405616947216,0.6000432166535761,0.8992013198678331,0.9722133532004714,0.041199457892416635,0.06071827444633715,0.7473741189212936,0.6729431161319647,0.8379440459588641,0.5206735740803238,0.3697720620843905,0.08299643322758221,0.08125446925376778,0.1546325957137772,0.28402240024310343,0.6013350611438794,0.14049099669082632,0.09096926540272832,0.8093334270954592,0.9774591443348339,0.8971010292745649,0.7444562341671386,0.814179630847238,0.3052113886339334,0.8990395967747264,0.7845268795472473,0.2804980233065649,0.21756924897997532,0.7597987630057618,0.3482787891811301,0.6647929330239892,0.48268941632630824,0.657889664997994,0.47386258531598113,0.647690199571485,0.8223344107000985,0.53111328351753,0.9494905390978302,0.8784725930582058
biasesOne,0.33456666653319767,0.8416195649911289,0.4008294055669558,0.33574641786809944,0.6415141542169267,0.5241857953763269,0.5623663301383607,0.3619944549568299,0.05703730045709343,0.6672404299779404,,,,,,,,,,,,,,,,,,,,,,,,,,,,,,,,,,,,,,,,,,,,,,,,,,,,,,,,,,,,,,,,,,,,,,,,,,,,,,,,,,,,,,,,,,
Weights_2,0.8689541121855185,0.4052935217347696,0.9955546494839531,0.9720094864288376,0.46635485846648805,0.7331052445959376,0.5379680222142822,0.0015354019874737057,0.8279401791954923,0.3200350811653665,0.6663138314242684,0.4168785036744864,0.9389196617967218,0.5494521026327286,0.25823497309845667,0.5755132547277673,0.9518760409324629,0.545415940865682,0.8189548121139972,0.582455226234953,0.8607881774424517,0.38356751341721795,0.7963851446312477,0.2133108850664467,0.6002783659613835,0.6117025876511082,0.9525055855166663,0.527556631722822,0.967826273093359,0.7492284801418048,0.9075254849781054,0.24193883853889675,0.9898972188505785,0.3630934920162545,0.8043212624051238,0.20391565413462964,0.8145997012900671,0.9376219957518296,0.541177728988446,0.0854611890584317,0.23924599729999663,0.9888226614917915,0.36950928609734635,0.01011617502904072,0.21087742190993164,0.3334146993977778,0.46374173970877397,0.9271537360221347,0.07409026264312535,0.3948934193568364,0.6497909835155841,0.172559796522178,0.1593526590190134,0.8305780305076178,0.32326323182297145,0.14774529418616378,0.1736580336761343,0.2661290814318674,0.5103163126030236,0.8631348434861984,0.33942696003292117,0.9382857754587054,0.11110122341859052,0.9699818050218149,0.26265157814910167,0.23646205911591944,0.37011578754320085,0.6515261316959331,0.1714858309832087,0.30863894889530297,,,,,,,,,,,,,,,,,,,,,,,,,,,,,,
biasesTwo,0.6053426306659485,0.20191462636900237,0.6719551288710113,0.9047848056705993,0.8566557444019299,0.4750899761668409,0.33931097883511263,,,,,,,,,,,,,,,,,,,,,,,,,,,,,,,,,,,,,,,,,,,,,,,,,,,,,,,,,,,,,,,,,,,,,,,,,,,,,,,,,,,,,,,,,,,,,
Weights_3,0.027736720989053,0.5684144137751578,0.5077209847472361,0.7533918113001296,0.021371188101785177,0.19122971634452668,0.5550645960048136,0.7005618024544618,0.8347696311598503,0.11554980471486298,0.904401203297173,0.6118526400759451,0.10934574512203954,0.13728726331105523,0.5501113692143542,0.16637980791212115,0.620750106042962,0.12247306084395382,0.8222511525802267,0.5122082340800815,0.21416084707974758,0.298329924170448,0.785127388421487,0.9013204441886553,0.3241561016490947,0.5921665221076131,0.9821041494639429,0.2947487931017734,0.8406651314996455,0.539169257020123,0.8308506759330135,0.13310975107627254,0.14431060387454242,0.5394915298638762,0.4087700016639638,,,,,,,,,,,,,,,,,,,,,,,,,,,,,,,,,,,,,,,,,,,,,,,,,,,,,,,,,,,,,,,,,
biasesThree,0.11735327375126503,0.18282959399939114,0.5741514226101183,0.28730476424108253,0.7001661490328766,,,,,,,,,,,,,,,,,,,,,,,,,,,,,,,,,,,,,,,,,,,,,,,,,,,,,,,,,,,,,,,,,,,,,,,,,,,,,,,,,,,,,,,,,,,,,,,
Weights_4,0.4519827724843267,0.017752542801847904,0.8935944736196105,0.421144705115878,0.7872277273801751,0.8073945511083044,0.5946622241475856,0.9945421266101907,0.8086639275598999,0.14734751951443303,0.3295717554016765,0.02750371763176951,0.8883387822036439,0.2847239262634341,0.34589512406956424,,,,,,,,,,,,,,,,,,,,,,,,,,,,,,,,,,,,,,,,,,,,,,,,,,,,,,,,,,,,,,,,,,,,,,,,,,,,,,,,,,,,,
biasesFour,0.10757208723718292,0.0010401484776729752,0.16842002336392337,,,,,,,,,,,,,,,,,,,,,,,,,,,,,,,,,,,,,,,,,,,,,,,,,,,,,,,,,,,,,,,,,,,,,,,,,,,,,,,,,,,,,,,,,,,,,,,,,
Weights_5,0.07109512038727328,0.029753657492666452,0.44873913153152867,0.7115218329096452,0.3788474006463187,0.2325216546075468,,,,,,,,,,,,,,,,,,,,,,,,,,,,,,,,,,,,,,,,,,,,,,,,,,,,,,,,,,,,,,,,,,,,,,,,,,,,,,,,,,,,,,,,,,,,,,
FitnessValue,,,,,,,,,,,,,,,,,,,,,,,,,,,,,,,,,,,,,,,,,,,,,,,,,,,,,,,,,,,,,,,,,,,,,,,,,,,,,,,,,,,,,,,,,,,,,,,,,,,,
