,0,1,2,3,4,5,6,7,8,9,10,11,12,13,14,15,16,17,18,19,20,21,22,23,24,25,26,27,28,29,30,31,32,33,34,35,36,37,38,39,40,41,42,43,44,45,46,47,48,49,50,51,52,53,54,55,56,57,58,59,60,61,62,63,64,65,66,67,68,69,70,71,72,73,74,75,76,77,78,79,80,81,82,83,84,85,86,87,88,89,90,91,92,93,94,95,96,97,98,99
Weights_1,0.8313537130873031,0.27432639814359705,0.4419990086318929,0.3170072474474842,0.12732582311370177,0.08477485886744474,0.023960257876361246,0.03686354586623841,0.37730501112293613,0.3339764259992153,0.6382771353932263,0.955996250119291,0.7191507799311819,0.21289990334624886,0.42822910992170327,0.7942241035589588,0.14705076134567574,0.38196502253906994,0.6917644764638343,0.8174682175237583,0.1488870474922468,0.39041498392181784,0.9799198687576852,0.20387808863569334,0.21659896919887667,0.2242310852939723,0.8889858843621934,0.11722812576399555,0.7495177773155763,0.01663575182301491,0.9461143717655113,0.16904453372074502,0.674612941200819,0.13879970126635177,0.1453582586275911,0.1259812863659726,0.5358773333941966,0.5111853068168845,0.4420762205727604,0.8590958426408516,0.817482514993997,0.5642531437877144,0.683198090428934,0.47928645542872317,0.29630722075146587,0.4902077558790029,0.775029734128971,0.5309386343065573,0.7399108868578662,0.09641885621111879,0.8094565991890471,0.6552450409232271,0.3493113304077712,0.7448587724971856,0.7311664916687678,0.8889445341863698,0.7461607848241902,0.5722926730603475,0.29217186843725673,0.5244893343525133,0.16574250922005251,0.8222383893835,0.5895408306730139,0.41091348632178903,0.5336373069860235,0.46585503695324293,0.9141375205773304,0.350901919640656,0.26512453669398184,0.06938786748502146,0.1275468953843577,0.013347474244779556,0.2033586268035772,0.28006332864298444,0.11798118005357117,0.8471966483181538,0.6525075963130118,0.43297244083010356,0.889341265687162,0.19973741435141035,0.9306797617212047,0.29056975024625853,0.5411049576464618,0.8311412760029293,0.9575822457362345,0.6938953618911351,0.2107137361408965,0.4121987599873026,0.8235317749532947,0.17587854849787654,0.375453088530428,0.29367714628863006,0.9532118583959143,0.9515727819653277,0.14145604725430627,0.19414434723254936,0.8793521177302538,0.5531345867923207,0.7571127700361702,0.9004999816670415
biasesOne,0.7811687572461389,0.8323430744895453,0.48542115386841633,0.41338783848674754,0.8221453920530035,0.07357827464742117,0.7169095576526033,0.31610022543310745,0.7619575761156148,0.6453698050135331,,,,,,,,,,,,,,,,,,,,,,,,,,,,,,,,,,,,,,,,,,,,,,,,,,,,,,,,,,,,,,,,,,,,,,,,,,,,,,,,,,,,,,,,,,
Weights_2,0.34131590275615864,0.3802667982651895,0.8576877293171548,0.7628902123122304,0.08128696960098647,0.8540865563706231,0.05731038251417497,0.3852957378945243,0.15146868285544945,0.19136360416883846,0.1978208694998903,0.7511764189261214,0.4904284792056771,0.20881840544432484,0.8833885002152742,0.9976786131501463,0.4715315515520363,0.9431320434532905,0.911601119315673,0.4641507069791655,0.6992777677832512,0.8456291901307209,0.36407051937466395,0.6387210297967593,0.044099858213208054,0.7944078772183526,0.9552859109335864,0.16261354902944325,0.8197374550283051,0.12497208535814064,0.5747300066937914,0.849832216055987,0.556160867669679,0.11647712471338678,0.444525110495701,0.1122507326290686,0.8714363477128253,0.2773711119350101,0.19286674408654358,0.4914447000392045,0.03247610711359594,0.2223437238377315,0.154783905953216,0.6912507967215115,0.5949937413863166,0.36226844605348996,0.7329628472072093,0.792393862214694,0.6090233564028714,0.5079199837780549,0.27664591278074757,0.5942791168438649,0.6061007650866788,0.5595710632493196,0.2904708200081939,0.7062266690577047,0.952519988888853,0.26310769120306576,0.08689181645176092,0.5302949481527013,0.4409826585431815,0.3181359991230658,0.34447616251390745,0.46278374971109204,0.36731727056205676,0.5564322224204906,0.10248056621531265,0.4947706931594047,0.12212630242265521,0.8090250772845259,,,,,,,,,,,,,,,,,,,,,,,,,,,,,,
biasesTwo,0.9764482803098347,0.5282510364354569,0.0683725650282081,0.99101308470613,0.7515017156454649,0.32315593790386465,0.6175629650129179,,,,,,,,,,,,,,,,,,,,,,,,,,,,,,,,,,,,,,,,,,,,,,,,,,,,,,,,,,,,,,,,,,,,,,,,,,,,,,,,,,,,,,,,,,,,,
Weights_3,0.32369636752398667,0.6129203931984507,0.650841575626346,0.9223438707022684,0.9478119757228962,0.3384669159776412,0.4202436963090007,0.4993894989642187,0.13192813950469773,0.9126689241461764,0.8197836857438828,0.8652068736697982,0.09791257946502507,0.29249234226698173,0.3067672789139493,0.23577727440245955,0.8498406444584703,0.7634829943534218,0.969299996134122,0.42173608223554104,0.6115269108129469,0.5629989585128975,0.7735833417386941,0.033248845915988645,0.7906456887292759,0.11639588712463333,0.9781826423989654,0.033140769516122326,0.20660304930411932,0.8444114762188677,0.1120898649838089,0.7605729299897471,0.9023217599768764,0.926973120871491,0.2822390988459039,,,,,,,,,,,,,,,,,,,,,,,,,,,,,,,,,,,,,,,,,,,,,,,,,,,,,,,,,,,,,,,,,
biasesThree,0.3863905324144874,0.3232446140464792,0.14235337333693587,0.6076718789145431,0.7920960965559611,,,,,,,,,,,,,,,,,,,,,,,,,,,,,,,,,,,,,,,,,,,,,,,,,,,,,,,,,,,,,,,,,,,,,,,,,,,,,,,,,,,,,,,,,,,,,,,
Weights_4,0.4923333396678061,0.9215309945512576,0.518220062348884,0.19560906451728277,0.7626148836537011,0.05315389384611746,0.6581235436714807,0.9995797260299345,0.4091042844544195,0.537503825546786,0.3768393068034095,0.6873645611664276,0.3805566944145563,0.16214286471189387,0.5742469123360139,,,,,,,,,,,,,,,,,,,,,,,,,,,,,,,,,,,,,,,,,,,,,,,,,,,,,,,,,,,,,,,,,,,,,,,,,,,,,,,,,,,,,
biasesFour,0.9246617879989918,0.4638223562416054,0.41232897377538535,,,,,,,,,,,,,,,,,,,,,,,,,,,,,,,,,,,,,,,,,,,,,,,,,,,,,,,,,,,,,,,,,,,,,,,,,,,,,,,,,,,,,,,,,,,,,,,,,
Weights_5,0.2017488299220126,0.7778224930592237,0.3749683174198193,0.10640294397356354,0.47016055947120505,0.19623892471761017,,,,,,,,,,,,,,,,,,,,,,,,,,,,,,,,,,,,,,,,,,,,,,,,,,,,,,,,,,,,,,,,,,,,,,,,,,,,,,,,,,,,,,,,,,,,,,
FitnessValue,,,,,,,,,,,,,,,,,,,,,,,,,,,,,,,,,,,,,,,,,,,,,,,,,,,,,,,,,,,,,,,,,,,,,,,,,,,,,,,,,,,,,,,,,,,,,,,,,,,,
