,0,1,2,3,4,5,6,7,8,9,10,11,12,13,14,15,16,17,18,19,20,21,22,23,24,25,26,27,28,29,30,31,32,33,34,35,36,37,38,39,40,41,42,43,44,45,46,47,48,49,50,51,52,53,54,55,56,57,58,59,60,61,62,63,64,65,66,67,68,69,70,71,72,73,74,75,76,77,78,79,80,81,82,83,84,85,86,87,88,89,90,91,92,93,94,95,96,97,98,99
Weights_1,0.44697082961907864,0.9564180192034399,0.5065274831855139,0.8936282425903582,0.215880059980184,0.7231845110901267,0.5083003035373334,0.67967961294657,0.5362721758039583,0.09790911772247202,0.1253034995830431,0.1294338522684162,0.30472777920494076,0.47924334118855705,0.5331730516475756,0.9373076713962011,0.06723273277762287,0.6465718120999094,0.3131938398298101,0.23111597593635924,0.3095373997952465,0.8994412917730579,0.49546808904953266,0.8577284053763069,0.21518571966565048,0.8255907824985518,0.14455236477281952,0.12695857575420688,0.32360970333618067,0.21640366996179394,0.281614664178929,0.5885521073166327,0.5325883538949014,0.9470226014440798,0.2864453299609927,0.7582296512073556,0.48413085127474,0.3331217948538425,0.7382374344215057,0.24325111686000966,0.7959354436115278,0.6475132612370106,0.48628419123092503,0.004282950339877689,0.8974363942197193,0.09009405519044889,0.12685025623239876,0.905808252950193,0.06163866611581237,0.8125916459792373,0.17362593597075437,0.4408303275223121,0.16631479444418085,0.6859790955462878,0.6668845343320646,0.8877597744354717,0.5816478703846807,0.5098538710188222,0.18578055953485328,0.42992188570913714,0.3460317644418798,0.8569900509077557,0.6986383272385704,0.6582525223966479,0.7211224065284952,0.9687556412400061,0.2871112418152144,0.4268219493186943,0.5788542118749436,0.09312192330436642,0.7557711068692143,0.7773470800553397,0.3989332043948979,0.02382225857986786,0.8055837595044245,0.36720356840171087,0.4041300998070805,0.533496020172679,0.5714771476591161,0.740205680956971,0.5955786542929277,0.4627810667114707,0.06813457187163952,0.868460909754998,0.6113591792337439,0.9646099499528941,0.9182965426845874,0.30327244657723884,0.5343853949432914,0.17999438839896487,0.456560643364874,0.9242899186542277,0.38631528117943126,0.64343622388801,0.6534485319932181,0.43217576099689936,0.26759293160441144,0.6489536414866528,0.1320658712137458,0.5868691491833801
biasesOne,0.5489289994520061,0.974539527684568,0.534308156354659,0.24999137252887593,0.5595197634939,0.6459545716093277,0.2650156673858355,0.4955026318898049,0.7539440521542847,0.8286318393235611,,,,,,,,,,,,,,,,,,,,,,,,,,,,,,,,,,,,,,,,,,,,,,,,,,,,,,,,,,,,,,,,,,,,,,,,,,,,,,,,,,,,,,,,,,
Weights_2,0.6095807887690984,0.4649735117297813,0.6859221783969497,0.763498143583037,0.8209958557939087,0.23156045876762688,0.86399455103942,0.31132473628977864,0.06663394051560712,0.039486423544738525,0.03978148160308881,0.7406005782850174,0.16966124336289667,0.4217954022151057,0.5602475866863381,0.952912405298357,0.5452007464678197,0.4325085052453873,0.3573056596056483,0.10208308983444958,0.35650150266567193,0.9092335428949289,0.44896056516659866,0.2990791399204915,0.5918157860185952,0.20989078554651752,0.5764825013724432,0.12338260697796821,0.2479914568976831,0.575946588368397,0.8441462372524449,0.9511214431727486,0.2623734946327636,0.9518711981537505,0.3147939516209818,0.18916599563066183,0.9958680906934161,0.6912897662771192,0.028192109598034865,0.9468870415076834,0.5886240530093594,0.8881284119685532,0.04683407601294509,0.037855718668542426,0.8948917293795061,0.08416722272743116,0.11939751264891929,0.0438342527797988,0.11282303335965249,0.5222405661992766,0.7819265248953817,0.17088109204081847,0.6714505415331776,0.29515969749517534,0.49910019360532754,0.410688530652619,0.35624031407380985,0.7302369795482038,0.6041762202442382,0.28504416768327623,0.004958127459274264,0.7740961590399306,0.25957026756295587,0.3136975256857808,0.3717549138796412,0.5303109897630925,0.6693895582525943,0.5705277470991978,0.4189035170690857,0.19853424145790355,,,,,,,,,,,,,,,,,,,,,,,,,,,,,,
biasesTwo,0.9348378596387418,0.905970416305362,0.7934304405476296,0.3009364393462214,0.8489365675167361,0.9467182364545348,0.030896822275580327,,,,,,,,,,,,,,,,,,,,,,,,,,,,,,,,,,,,,,,,,,,,,,,,,,,,,,,,,,,,,,,,,,,,,,,,,,,,,,,,,,,,,,,,,,,,,
Weights_3,0.7066478937021299,0.43502202256847,0.7980414233282838,0.3420893221575708,0.4320898284971153,0.021853003981490038,0.0705859371135864,0.942552683730962,0.48819234242287646,0.843862537826028,0.7916449037340044,0.4730024356708641,0.6976843254327783,0.3207921569565567,0.9774004015683585,0.5901085132482575,0.9913070798687503,0.5135157707161554,0.9372692547493919,0.6386442470586515,0.22004671315591418,0.7562498310597112,0.25425947643191915,0.8259532459019834,0.05727681079942548,0.6798262024886154,0.8861152016320569,0.6041290313068216,0.9595485981464691,0.8798887354704676,0.4872425997005311,0.5617937243484835,0.2074802391419971,0.9213016463008398,0.3270299551784295,,,,,,,,,,,,,,,,,,,,,,,,,,,,,,,,,,,,,,,,,,,,,,,,,,,,,,,,,,,,,,,,,
biasesThree,0.8827848656227268,0.28420601492805553,0.7737256537013266,0.3105783470130502,0.550367591960466,,,,,,,,,,,,,,,,,,,,,,,,,,,,,,,,,,,,,,,,,,,,,,,,,,,,,,,,,,,,,,,,,,,,,,,,,,,,,,,,,,,,,,,,,,,,,,,
Weights_4,0.6210613508791533,0.45337500136213116,0.39617504962939587,0.11339398364596276,0.6157896147658015,0.805374893782934,0.14208338833842127,0.6637223463640907,0.8561752779065834,0.20363406022566477,0.733757052610725,0.14597165962658198,0.7085398394350535,0.33242580046831627,0.8101452927951313,,,,,,,,,,,,,,,,,,,,,,,,,,,,,,,,,,,,,,,,,,,,,,,,,,,,,,,,,,,,,,,,,,,,,,,,,,,,,,,,,,,,,
biasesFour,0.48353002988775085,0.9576794326969216,0.39582348786341737,,,,,,,,,,,,,,,,,,,,,,,,,,,,,,,,,,,,,,,,,,,,,,,,,,,,,,,,,,,,,,,,,,,,,,,,,,,,,,,,,,,,,,,,,,,,,,,,,
Weights_5,0.18885599225472094,0.5627032668418984,0.4402107887609966,0.3783395725381484,0.3827481494982945,0.9279453387061598,,,,,,,,,,,,,,,,,,,,,,,,,,,,,,,,,,,,,,,,,,,,,,,,,,,,,,,,,,,,,,,,,,,,,,,,,,,,,,,,,,,,,,,,,,,,,,
FitnessValue,,,,,,,,,,,,,,,,,,,,,,,,,,,,,,,,,,,,,,,,,,,,,,,,,,,,,,,,,,,,,,,,,,,,,,,,,,,,,,,,,,,,,,,,,,,,,,,,,,,,
