,0,1,2,3,4,5,6,7,8,9,10,11,12,13,14,15,16,17,18,19,20,21,22,23,24,25,26,27,28,29,30,31,32,33,34,35,36,37,38,39,40,41,42,43,44,45,46,47,48,49,50,51,52,53,54,55,56,57,58,59,60,61,62,63,64,65,66,67,68,69,70,71,72,73,74,75,76,77,78,79,80,81,82,83,84,85,86,87,88,89,90,91,92,93,94,95,96,97,98,99
Weights_1,0.39965201729888433,0.27525528292495205,0.6436359282327757,0.5312890005158346,0.11599299866407131,0.542215432019648,0.7880616181843334,0.46983577174000624,0.047725783825968815,0.10284916970198088,0.6939931655167426,0.9128025974439435,0.5345033646486814,0.5855195981188271,0.11697592330002549,0.3910924571504617,0.998085166620478,0.1473418537138098,0.4018434320618218,0.0647637109524195,0.26575337731220516,0.4381172056435979,0.06305456020765399,0.5345705519908996,0.8436881251713327,0.0028667691381446536,0.6329946391600378,0.5312876211520713,0.9566470712546308,0.04250340217844717,0.7507403322972044,0.14073023529002526,0.39841967707480663,0.18230761573476695,0.28752994121528896,0.795976206864025,0.4308105275289451,0.823658095996128,0.04946327861384847,0.19370016464306983,0.6211699234259102,0.0006911761067321942,0.974340260851118,0.4707372772604763,0.9936053827822016,0.5529736470130024,0.8060228405528522,0.6002714783406118,0.9686844362998259,0.27063227360138664,0.27800715799573805,0.3584449989231646,0.16394067358751352,0.4111829667622663,0.16888625275057678,0.6573733513303069,0.8816422700447972,0.01038633325386673,0.7589093665618605,0.46369971500491547,0.7742408515155809,0.9127889757824201,0.03977562899134757,0.3174887421564868,0.79669137639865,0.6607270416720024,0.002852664075501554,0.24405425870346154,0.04716932839216159,0.7263894758184465,0.11274430721942963,0.22348829182033125,0.10619541565169821,0.36740518193955596,0.9106109541023584,0.7907142570565875,0.5190808889890418,0.4422905933033535,0.03710532019816948,0.2454331944870276,0.7295894534235597,0.3293740065002583,0.6165205427847744,0.06286639535672978,0.7776960815991929,0.21372204981703558,0.2678738522078651,0.6167184612647667,0.21247787006527596,0.2905392322734899,0.33555356365793365,0.7064769745830927,0.7539543085721071,0.37651627894688156,0.06866522549930842,0.39414014214936055,0.7486701083057258,0.04184296476125926,0.18145747146775215,0.09689578429487566
biasesOne,0.29678554153506953,0.5769750979489494,0.013876525678039875,0.6403629983046181,0.64156150828373,0.9344763226627367,0.07212478543673584,0.6066464084911123,0.5378364526555629,0.6920100183212213,,,,,,,,,,,,,,,,,,,,,,,,,,,,,,,,,,,,,,,,,,,,,,,,,,,,,,,,,,,,,,,,,,,,,,,,,,,,,,,,,,,,,,,,,,
Weights_2,0.022393229788039593,0.7748757257976132,0.422250324044142,0.8414906308004229,0.27822887018193343,0.2801836689152163,0.27651515235728197,0.8280490018633282,0.6729328592658007,0.030541735742278364,0.5121146887725526,0.7466537197047644,0.20868572926144047,0.8786407096719144,0.820352209053139,0.23838027183788568,0.43575562057152684,0.9744950047529635,0.04480532323060804,0.42708290120870807,0.7665545951288729,0.46238266997815713,0.33467560275056474,0.4607944194825958,0.1567625664936073,0.2145656956413382,0.023580631838012067,0.49788285188393566,0.8611019430207714,0.029613340735668126,0.5082400128179333,0.8872481602202585,0.8945709844029274,0.8609151753772322,0.8063105332793149,0.505991911399444,0.14340010487735588,0.9500072509673794,0.11518541835461227,0.08641033195706393,0.995628861443511,0.49730059875150767,0.12346890369484298,0.5457350966665527,0.8203272946333772,0.9253499388030565,0.22973256676115594,0.2916084170570271,0.014277039567981542,0.5831420235110499,0.810267972885659,0.9140530968010192,0.3324637386261351,0.13500650366589984,0.8543951622294761,0.7798763069511938,0.318273060977153,0.6411212158823705,0.08060912938313147,0.8237348805410882,0.3542896349182737,0.8085597530264047,0.2775831644112021,0.7548527928704672,0.6586644404650723,0.6224847904719213,0.5085791884923964,0.8212087218337423,0.8284007445643915,0.4156048966952395,,,,,,,,,,,,,,,,,,,,,,,,,,,,,,
biasesTwo,0.05383414167279399,0.618280865478123,0.3018208306567016,0.3530834522209447,0.29373276213899335,0.32010174793753354,0.9968292216209683,,,,,,,,,,,,,,,,,,,,,,,,,,,,,,,,,,,,,,,,,,,,,,,,,,,,,,,,,,,,,,,,,,,,,,,,,,,,,,,,,,,,,,,,,,,,,
Weights_3,0.28376983388022636,0.7092109965158648,0.5524065119850617,0.4342617289495453,0.31006012622506807,0.06444893418599507,0.8703577194465119,0.6613481756826766,0.15830816883205456,0.3590297229762085,0.5394551136965126,0.19839890894909873,0.7880184004779356,0.7299824168794874,0.48038094044151214,0.8762276770805937,0.05479758154218917,0.9575471821483906,0.8700709904521214,0.9357491067969625,0.36038208945541317,0.4691685873060686,0.41958680181272856,0.4407997737818893,0.520875809620942,0.9844707948380684,0.9221223038740376,0.9311537596486859,0.893590613790725,0.0780186991431574,0.1618571616100265,0.796122684419947,0.5502388505268293,0.8314574667024448,0.620428437748175,,,,,,,,,,,,,,,,,,,,,,,,,,,,,,,,,,,,,,,,,,,,,,,,,,,,,,,,,,,,,,,,,
biasesThree,0.7273987989159046,0.0383395756542082,0.9999924647054629,0.46220066723848663,0.6785287062871777,,,,,,,,,,,,,,,,,,,,,,,,,,,,,,,,,,,,,,,,,,,,,,,,,,,,,,,,,,,,,,,,,,,,,,,,,,,,,,,,,,,,,,,,,,,,,,,
Weights_4,0.39819612060716225,0.47290048503069515,0.36574959776428595,0.9738696112305482,0.5167142993794153,0.6922298162108849,0.6508728109983863,0.1545057433556436,0.7599479957233332,0.20085473289816558,0.2252694753334692,0.9681543559665582,0.5821577366129878,0.26168840482204503,0.9743070611231015,,,,,,,,,,,,,,,,,,,,,,,,,,,,,,,,,,,,,,,,,,,,,,,,,,,,,,,,,,,,,,,,,,,,,,,,,,,,,,,,,,,,,
biasesFour,0.17512986045415224,0.7006925718975461,0.18559063210994875,,,,,,,,,,,,,,,,,,,,,,,,,,,,,,,,,,,,,,,,,,,,,,,,,,,,,,,,,,,,,,,,,,,,,,,,,,,,,,,,,,,,,,,,,,,,,,,,,
Weights_5,0.38473960707510435,0.4078349708124638,0.47266980668814174,0.32485943097751413,0.9434302866894877,0.396345597360119,,,,,,,,,,,,,,,,,,,,,,,,,,,,,,,,,,,,,,,,,,,,,,,,,,,,,,,,,,,,,,,,,,,,,,,,,,,,,,,,,,,,,,,,,,,,,,
FitnessValue,,,,,,,,,,,,,,,,,,,,,,,,,,,,,,,,,,,,,,,,,,,,,,,,,,,,,,,,,,,,,,,,,,,,,,,,,,,,,,,,,,,,,,,,,,,,,,,,,,,,
