,0,1,2,3,4,5,6,7,8,9,10,11,12,13,14,15,16,17,18,19,20,21,22,23,24,25,26,27,28,29,30,31,32,33,34,35,36,37,38,39,40,41,42,43,44,45,46,47,48,49,50,51,52,53,54,55,56,57,58,59,60,61,62,63,64,65,66,67,68,69,70,71,72,73,74,75,76,77,78,79,80,81,82,83,84,85,86,87,88,89,90,91,92,93,94,95,96,97,98,99
Weights_1,0.8308543477565198,0.16243305618912107,0.09396531554191756,0.7111159114003477,0.884869663295473,0.666283517602604,0.17449719691566157,0.12513057749550072,0.8033649326445185,0.2542923530070589,0.9877764853464136,0.9927970883204966,0.8966930527439047,0.9625657705227199,0.7174981354249207,0.660029333171551,0.3720882634173478,0.3803043602203259,0.1326926557624325,0.24488769355134454,0.5113518950278574,0.2830277714032663,0.18570212034943767,0.10027633859706298,0.1126458283227939,0.2635243323617419,0.213816122380747,0.3720777326740021,0.7524400218168437,0.12503018591781268,0.24093882167043712,0.30150035950550014,0.839165279718544,0.22254757498502764,0.6531557271263699,0.8182163506442753,0.11712793530011112,0.1419646892957932,0.03145186533100619,0.7920469016729729,0.2103410927275876,0.0035033288712019717,0.06722506690343943,0.03682890667743288,0.9645697794192123,0.6075773247512126,0.1950473998701805,0.5612656638472546,0.9607024496108547,0.8568521987560828,0.1514502229780762,0.09907677656798852,0.3164308063088588,0.1740011434541362,0.9481282172976252,0.3894075069313512,0.49554337464866205,0.8627033924017652,0.2562076114841009,0.9443680338360132,0.8643114190363143,0.23035703834208499,0.2601350361119197,0.2377492562906507,0.008155249585467761,0.744444066833071,0.18201699001909888,0.5464688817239648,0.5940973134574908,0.6869152333190689,0.23571948863243553,0.6755217050023908,0.4978649644704599,0.5931299149224498,0.2279304898882749,0.046308379017289125,0.11599911670878937,0.49788526964176527,0.07206100700245699,0.1890035080375012,0.9243063133676375,0.0924787186057765,0.9034687210179662,0.8702813638169666,0.38039071885231446,0.295659852198643,0.5322587497272003,0.8418684201471198,0.7938820832330385,0.1906752266418622,0.4019037631164847,0.473031161643505,0.5282650282880428,0.6837758890158312,0.8863041377766743,0.8537116981502451,0.4006035073256615,0.8842429909089202,0.23766941722713608,0.38564429364840025
Biases_1,0.8009145034260706,0.649868674394159,0.6546404350278363,0.6735677341917751,0.3465140446507359,0.8319860067961511,0.9784496085592602,0.7087313357718921,0.9955631112428114,0.8233307229861623,,,,,,,,,,,,,,,,,,,,,,,,,,,,,,,,,,,,,,,,,,,,,,,,,,,,,,,,,,,,,,,,,,,,,,,,,,,,,,,,,,,,,,,,,,
Weights_2,0.621673599450036,0.5536000192319934,0.9076146668065646,0.8116891037902227,0.3849772911647811,0.37559744111245585,0.6761945263274098,0.8544877603484407,0.8388900644279602,0.4035513713237887,0.6653651079704785,0.6606045480243196,0.09638408731766157,0.5573493646887079,0.1407039966780762,0.18378582271656907,0.7837098787315437,0.8106314023807123,0.027622254045541528,0.24630646567190928,0.9558561390229723,0.39491575565344494,0.04539979636373259,0.5907057413684135,0.23210000867231984,0.6324832617909811,0.80604202848154,0.38683045152112594,0.9684533540977285,0.6888469733897903,0.3478584708133362,0.5940798182240709,0.7132033924005377,0.6773100343196818,0.8900451927147129,0.8118749745031684,0.9657441529932671,0.35804448471392325,0.8316324383423029,0.25037046846472477,0.9082332087566183,0.17689954793505613,0.9571565841934037,0.4128831205878588,0.4753401422733835,0.8511533569507617,0.04304150750231339,0.9891417720873102,0.8628250107857411,0.22559663697986565,0.29727880945004126,0.9188273992891783,0.9840158808348664,0.36200491914250776,0.978464459178403,0.9414157222019713,0.4148177636554806,0.032407441162252026,0.06359620015586331,0.7634536854825439,0.9259326909074548,0.6940097333657993,0.23256514501549586,0.40530643719646975,0.44850301329698306,0.36626841557455214,0.7645741110091604,0.4189507732790222,0.9211637952563992,0.3665153728586361,,,,,,,,,,,,,,,,,,,,,,,,,,,,,,
Biases_2,0.9629398524516486,0.9725278392363781,0.3240862809579005,0.4415591484091481,0.7828708715787556,0.9105257831610613,0.07215460114485772,,,,,,,,,,,,,,,,,,,,,,,,,,,,,,,,,,,,,,,,,,,,,,,,,,,,,,,,,,,,,,,,,,,,,,,,,,,,,,,,,,,,,,,,,,,,,
Weights_3,0.5850957458455712,0.255617365102511,0.8145547099295803,0.6040389448108789,0.7258495757681663,0.34617334839167135,0.8233978482740352,0.5487486750354285,0.9163452517050334,0.7891785332361863,0.3636092439211671,0.3285770752734707,0.10676883681442362,0.3011922248218739,0.7622475200582902,0.3786761317000824,0.15299648136787947,0.9736869849811869,0.10978884586375737,0.8168209121928783,0.6790597244256168,0.6152578196004779,0.5973765984537244,0.3882841210749932,0.11392728602170898,0.7493397152397812,0.645416049076162,0.9861954751408835,0.6252874933180192,0.22454359843548988,0.4682798440605118,0.8718679004257013,0.7541777078413795,0.9021128938552253,0.5010567633464754,,,,,,,,,,,,,,,,,,,,,,,,,,,,,,,,,,,,,,,,,,,,,,,,,,,,,,,,,,,,,,,,,
Biases_3,0.47234441597378274,0.20417902392575904,0.7431744537471399,0.928377881356104,0.7155899572413015,,,,,,,,,,,,,,,,,,,,,,,,,,,,,,,,,,,,,,,,,,,,,,,,,,,,,,,,,,,,,,,,,,,,,,,,,,,,,,,,,,,,,,,,,,,,,,,
Weights_4,0.09712925062609579,0.6915235659086508,0.4187577635866868,0.83374161463111,0.6386367140922478,0.2380038155152422,0.8079774067928298,0.33441348292821704,0.3450242477948715,0.6143775358468433,0.8342774573603658,0.7618426439317699,0.4251240683753721,0.711179714548549,0.30413212507237586,,,,,,,,,,,,,,,,,,,,,,,,,,,,,,,,,,,,,,,,,,,,,,,,,,,,,,,,,,,,,,,,,,,,,,,,,,,,,,,,,,,,,
Biases_4,0.5619831569699149,0.9093707307123771,0.7151285734758512,,,,,,,,,,,,,,,,,,,,,,,,,,,,,,,,,,,,,,,,,,,,,,,,,,,,,,,,,,,,,,,,,,,,,,,,,,,,,,,,,,,,,,,,,,,,,,,,,
Weights_5,0.7811472636711869,0.4018857421049389,0.8149687275746446,0.6525801100861722,0.24417298330225667,0.7639415995370826,,,,,,,,,,,,,,,,,,,,,,,,,,,,,,,,,,,,,,,,,,,,,,,,,,,,,,,,,,,,,,,,,,,,,,,,,,,,,,,,,,,,,,,,,,,,,,
FitnessValue,,,,,,,,,,,,,,,,,,,,,,,,,,,,,,,,,,,,,,,,,,,,,,,,,,,,,,,,,,,,,,,,,,,,,,,,,,,,,,,,,,,,,,,,,,,,,,,,,,,,
