,0,1,2,3,4,5,6,7,8,9,10,11,12,13,14,15,16,17,18,19,20,21,22,23,24,25,26,27,28,29,30,31,32,33,34,35,36,37,38,39,40,41,42,43,44,45,46,47,48,49,50,51,52,53,54,55,56,57,58,59,60,61,62,63,64,65,66,67,68,69,70,71,72,73,74,75,76,77,78,79,80,81,82,83,84,85,86,87,88,89,90,91,92,93,94,95,96,97,98,99
Weights_1,0.3909431056115803,0.2988114418572264,0.33938931577569276,0.5812084996675199,0.9797224001805845,0.2948441594744926,0.16121634307189858,0.4457897334524782,0.7252821156361274,0.5288841467128299,0.7680722450962435,0.37109429635660507,0.36180329361783603,0.11291283852547129,0.6979043386465338,0.9758940301045496,0.902549620149413,0.36352574352442346,0.7483183158367462,0.9469425353813086,0.577720869548631,0.8324905543235817,0.845462164859038,0.23886204889835172,0.7724691907034501,0.9057572814856828,0.08677958833117527,0.009743743586404952,0.21528143825347434,0.9846643660380634,0.37365361318358103,0.5962224037075314,0.2086402715170299,0.9164915428588626,0.3851278957945662,0.16038041893550115,0.27956877732535146,0.8359851203731336,0.7234763964106985,0.49216795149747794,0.39118014966933967,0.7593611175234086,0.6634573508141862,0.0444240437003286,0.2654977769578475,0.37510980187401166,0.24871539307325374,0.7570340245681658,0.7505653381607544,0.2771404150576777,0.7179381057882155,0.8405669617015126,0.46307034049497986,0.962835769542716,0.4110070507196144,0.47465664765585425,0.6323457684485301,0.47981932696328433,0.19758440278981915,0.6499559666245213,0.10614773912338338,0.36384081962379566,0.903605485365543,0.7666929128400962,0.8003944417637324,0.9791811307876899,0.08708308343243365,0.9015186374034354,0.01625519159119626,0.20985624039032735,0.05113915178635642,0.12580869497385605,0.25175023159346877,0.8678756335901671,0.4074219429206879,0.34703776871141767,0.6263865117922536,0.25070560168632394,0.0016513315563951858,0.28415049151795646,0.018312892252004054,0.31096864101303834,0.13638853382753802,0.03949587484986383,0.32976220074814466,0.21390864283476152,0.16787846947384033,0.9040563403351612,0.7615787760913425,0.6965639380930071,0.6579185788296245,0.39185409926280057,0.061789380933331084,0.7767115918705514,0.10139713079522328,0.9744290046791839,0.0331267687175244,0.7154914442791582,0.6738140427911351,0.9476817108186727
Biases_1,0.9376466077278924,0.7829028482419194,0.02231783575872659,0.1368318190706549,0.11778228275411862,0.8936649529207847,0.2073197450531301,0.7717234176898953,0.30442455605370267,0.6231464683581659,,,,,,,,,,,,,,,,,,,,,,,,,,,,,,,,,,,,,,,,,,,,,,,,,,,,,,,,,,,,,,,,,,,,,,,,,,,,,,,,,,,,,,,,,,
Weights_2,0.7316384276921427,0.8039793329033847,0.8463080813856282,0.3533319623461255,0.1419790881449764,0.6898325670094406,0.7038310738501414,0.4828239680002414,0.7487784930887927,0.8853786003886203,0.18283875590591592,0.3562785025498948,0.21521688171180464,0.5367395778328614,0.7584626579566355,0.6581115760734235,0.8771547114405465,0.5128065979033063,0.5008246491433598,0.7050006496751993,0.021425778283505448,0.8152644941474588,0.02955706430036875,0.3776247146954075,0.6315905247728715,0.9100555008144559,0.2170579900576698,0.22483039552608275,0.2520976416566595,0.03396246165260053,0.5931320989962139,0.5767002206872407,0.020512748878319553,0.8321924411789745,0.60077511434212,0.6544417959866965,0.1841270607827583,0.16011768642189272,0.5210158788222228,0.29896621891416053,0.9254252905133271,0.9933721946214207,0.5896618784751332,0.13597162742372493,0.8079323317127043,0.28982963427195507,0.9023325054093578,0.28517885042767144,0.6063289394323034,0.26653493490088775,0.7945677020859522,0.809076069889444,0.00878951195126565,0.29779693720477896,0.33915622431836445,0.9481767482175193,0.17355408307446263,0.4892341754095151,0.9284260963396973,0.8622095767111133,0.04068842707207598,0.5024400815468799,0.6546217579894427,0.22953419590699808,0.11267418441447907,0.7541865217637922,0.6176352356344673,0.09465959299664917,0.6305636017507166,0.38645244367724463,,,,,,,,,,,,,,,,,,,,,,,,,,,,,,
Biases_2,0.9856512728180887,0.26452253570141415,0.6490451081567562,0.2928867881878108,0.49139673132407236,0.9177684239367886,0.7588997116044078,,,,,,,,,,,,,,,,,,,,,,,,,,,,,,,,,,,,,,,,,,,,,,,,,,,,,,,,,,,,,,,,,,,,,,,,,,,,,,,,,,,,,,,,,,,,,
Weights_3,0.46969245832125106,0.3749560788765266,0.5674709560778705,0.7526366928570896,0.10489508751209964,0.630796450306548,0.930197298108861,0.9190509968933017,0.23479772281528744,0.8403314438015475,0.20824272596691196,0.3914564363591654,0.8857888466454124,0.11004690700721209,0.32166868525605485,0.3192577574031775,0.7399889476084817,0.1756021456749789,0.18120957001052385,0.24048205819242718,0.9451991564634505,0.12841577711671404,0.2267918152012166,0.08695388016123484,0.156474675529496,0.47429024442723267,0.17037393372469856,0.26132722697743105,0.6603513214101882,0.6184988068343242,0.9139033781503085,0.14631510751968757,0.07540701582339993,0.6813330791905718,0.5115419128484757,,,,,,,,,,,,,,,,,,,,,,,,,,,,,,,,,,,,,,,,,,,,,,,,,,,,,,,,,,,,,,,,,
Biases_3,0.14728263360963612,0.9206435983106327,0.33768638697573916,0.1289985286608335,0.1342785579965936,,,,,,,,,,,,,,,,,,,,,,,,,,,,,,,,,,,,,,,,,,,,,,,,,,,,,,,,,,,,,,,,,,,,,,,,,,,,,,,,,,,,,,,,,,,,,,,
Weights_4,0.14889491025775214,0.27725636699062883,0.30532912882702923,0.8204886059690537,0.809822315987438,0.6229556224306928,0.1627183388703214,0.7173716202347156,0.4292770163520203,0.4850845731277036,0.22137301835634637,0.7887331988798559,0.3945481858882408,0.9271354649109367,0.3170027390197955,,,,,,,,,,,,,,,,,,,,,,,,,,,,,,,,,,,,,,,,,,,,,,,,,,,,,,,,,,,,,,,,,,,,,,,,,,,,,,,,,,,,,
Biases_4,0.8033916517085201,0.006887568459762017,0.4074613412025623,,,,,,,,,,,,,,,,,,,,,,,,,,,,,,,,,,,,,,,,,,,,,,,,,,,,,,,,,,,,,,,,,,,,,,,,,,,,,,,,,,,,,,,,,,,,,,,,,
Weights_5,0.7051392404943684,0.21522851652732988,0.9772796598549267,0.7097062820491777,0.6150465232932407,0.41182188145412013,,,,,,,,,,,,,,,,,,,,,,,,,,,,,,,,,,,,,,,,,,,,,,,,,,,,,,,,,,,,,,,,,,,,,,,,,,,,,,,,,,,,,,,,,,,,,,
FitnessValue,,,,,,,,,,,,,,,,,,,,,,,,,,,,,,,,,,,,,,,,,,,,,,,,,,,,,,,,,,,,,,,,,,,,,,,,,,,,,,,,,,,,,,,,,,,,,,,,,,,,
