,0,1,2,3,4,5,6,7,8,9,10,11,12,13,14,15,16,17,18,19,20,21,22,23,24,25,26,27,28,29,30,31,32,33,34,35,36,37,38,39,40,41,42,43,44,45,46,47,48,49,50,51,52,53,54,55,56,57,58,59,60,61,62,63,64,65,66,67,68,69,70,71,72,73,74,75,76,77,78,79,80,81,82,83,84,85,86,87,88,89,90,91,92,93,94,95,96,97,98,99
Weights_1,0.3052847178665681,0.9741494406092127,0.6196771467127047,0.5591586431038796,0.24874489332923788,0.405069772168158,0.35116440581922725,0.6913741452881961,0.1942491268097758,0.7511261539075103,0.6121572497966014,0.16850343492972597,0.7032589408360949,0.6700461091872651,0.7227833469974619,0.7445682500868536,0.9314787384337404,0.5398534984331116,0.56579408320814,0.5186225359637587,0.7445278869300826,0.14455324775060585,0.08944134966238848,0.8775915074440747,0.19379917818963943,0.3806900330847963,0.29975013863984135,0.7272613586950166,0.5991575925873914,0.8141592309952045,0.6463294432677416,0.002990202382270879,0.9689344471344685,0.30491529865704936,0.7289682312941494,0.7544640233814583,0.31942679703006527,0.11519976032502721,0.6382151894880156,0.12068939741618046,0.9441832898174642,0.9133304436551406,0.7946060169346917,0.8495165349940913,0.17468607277092474,0.6422936375862643,0.16635068615060244,0.6040504898561356,0.28680838392614416,0.6464108055078016,0.6055259886851254,0.802764703350429,0.72479891400092,0.40063315463643,0.20463768532709248,0.10248062833623839,0.9005575155425726,0.40237391063720507,0.007061363033967094,0.4690364868114254,0.78940555253896,0.8717242915632891,0.957607997383472,0.8306308552063565,0.14781281654187262,0.21978508960407084,0.024060027398672412,0.5907750783010555,0.2598222188287638,0.9991126032928722,0.914092540251796,0.5977017152499002,0.3339272260268318,0.07698768823499091,0.5126789817693491,0.1337268076253978,0.05100715424077462,0.5301691989828193,0.7748430756638124,0.3587245941773779,0.12617387588833373,0.101684068102048,0.7718328078311214,0.37573366803878083,0.6894369914169032,0.21403576677627023,0.554454739863486,0.421439631255649,0.77007991741166,0.42294549570870954,0.31622485346915175,0.23345377015013746,0.8164170242447438,0.1698903873225298,0.7793399726291169,0.79313939857333,0.9482452959140092,0.5588784036870924,0.15859497643426745,0.3882033010107423
Biases_1,0.4862856301218854,0.5601336079887441,0.3212755975743051,0.003304054935726164,0.3005488072985625,0.729307743203296,0.2761720245133713,0.24283477731914227,0.4596827417481426,0.052454180108987725,,,,,,,,,,,,,,,,,,,,,,,,,,,,,,,,,,,,,,,,,,,,,,,,,,,,,,,,,,,,,,,,,,,,,,,,,,,,,,,,,,,,,,,,,,
Weights_2,0.9694550028223202,0.6369202079643529,0.8798072970721832,0.12187455702860805,0.19551774082452322,0.5076678148010708,0.9411840162488065,0.6866829384522165,0.9470549622139207,0.8822874282093197,0.2664336955272899,0.33274156688344936,0.8325020605399803,0.2760855233680344,0.5886769418944496,0.7018321353654315,0.15817795267107504,0.49235774759171336,0.9856885393791968,0.7549495218344685,0.4939148494097275,0.47634163061142687,0.11233070302441206,0.9974000008483869,0.4250767543417938,0.27822651029442136,0.8890713165796794,0.14502685784480807,0.2707729851084989,0.2760437254083715,0.5624743720012375,0.5927154843057548,0.6392327952738326,0.4563905733325465,0.9799117416720804,0.1577728589733911,0.6622396885151897,0.26409593766585004,0.45236761658772695,0.8884033214345688,0.9993082851810093,0.7098714286540354,0.6027141952396159,0.392768961587628,0.2816569845481829,0.08761130419594432,0.07118299861032462,0.722417124810199,0.9573567349047752,0.8813497390668195,0.9759660700165207,0.5414893842405643,0.33817303959878353,0.9098568307102048,0.6275826928735933,0.04507826522790248,0.3123378481833863,0.8979477029393683,0.34907357536092887,0.13627946737436358,0.43213543322668635,0.22650371887007048,0.21459716974432574,0.12823516687111236,0.5940252554469401,0.27878828481267437,0.883482509087018,0.19628854808332497,0.8991007674264251,0.6924422736858743,,,,,,,,,,,,,,,,,,,,,,,,,,,,,,
Biases_2,0.9715924599048352,0.22919592129084598,0.39080090309151616,0.6693471025135296,0.06069267672048495,0.34720013752775125,0.2987825253705557,,,,,,,,,,,,,,,,,,,,,,,,,,,,,,,,,,,,,,,,,,,,,,,,,,,,,,,,,,,,,,,,,,,,,,,,,,,,,,,,,,,,,,,,,,,,,
Weights_3,0.7973440439836259,0.6395730062567588,0.6381586773101521,0.15788049438686158,0.3660324555878014,0.411175948831889,0.6025157057727544,0.6804319324662317,0.9877076619367748,0.644067482743537,0.01050961566702835,0.896515386860183,0.9828891806979078,0.3166679558202675,0.5673229374407384,0.41854072910787676,0.22909625888272123,0.0718948758864214,0.6836776376141339,0.8129664155873361,0.526135592712418,0.3780197720991071,0.7659786070790463,0.34122147532624325,0.48015882797611675,0.4875771918763966,0.23048566133514747,0.3241710494248069,0.7350353272606707,0.2665379188452244,0.924055302159297,0.7405516262134857,0.7116484883210971,0.12752136630208866,0.6690339573775825,,,,,,,,,,,,,,,,,,,,,,,,,,,,,,,,,,,,,,,,,,,,,,,,,,,,,,,,,,,,,,,,,
Biases_3,0.014827350122304406,0.7985750169762859,0.08929092308598419,0.21267768151615218,0.8449451918387145,,,,,,,,,,,,,,,,,,,,,,,,,,,,,,,,,,,,,,,,,,,,,,,,,,,,,,,,,,,,,,,,,,,,,,,,,,,,,,,,,,,,,,,,,,,,,,,
Weights_4,0.09103038296730692,0.923198165558603,0.9682566285739205,0.30227417120449707,0.9051298932577727,0.6428520093307848,0.824822947466978,0.9670761563692138,0.2676368616301871,0.7918920118501394,0.04937105591609625,0.015824440491691738,0.2358140649141477,0.4861924244155298,0.9602578023405338,,,,,,,,,,,,,,,,,,,,,,,,,,,,,,,,,,,,,,,,,,,,,,,,,,,,,,,,,,,,,,,,,,,,,,,,,,,,,,,,,,,,,
Biases_4,0.8691497660265317,0.9827580139241817,0.6562183791947973,,,,,,,,,,,,,,,,,,,,,,,,,,,,,,,,,,,,,,,,,,,,,,,,,,,,,,,,,,,,,,,,,,,,,,,,,,,,,,,,,,,,,,,,,,,,,,,,,
Weights_5,0.191254741918793,0.47391965923707857,0.1249816459630384,0.4635972691346475,0.47162171868060987,0.45007918683584547,,,,,,,,,,,,,,,,,,,,,,,,,,,,,,,,,,,,,,,,,,,,,,,,,,,,,,,,,,,,,,,,,,,,,,,,,,,,,,,,,,,,,,,,,,,,,,
FitnessValue,,,,,,,,,,,,,,,,,,,,,,,,,,,,,,,,,,,,,,,,,,,,,,,,,,,,,,,,,,,,,,,,,,,,,,,,,,,,,,,,,,,,,,,,,,,,,,,,,,,,
