,0,1,2,3,4,5,6,7,8,9,10,11,12,13,14,15,16,17,18,19,20,21,22,23,24,25,26,27,28,29,30,31,32,33,34,35,36,37,38,39,40,41,42,43,44,45,46,47,48,49,50,51,52,53,54,55,56,57,58,59,60,61,62,63,64,65,66,67,68,69,70,71,72,73,74,75,76,77,78,79,80,81,82,83,84,85,86,87,88,89,90,91,92,93,94,95,96,97,98,99
Weights_1,0.06829729202011026,0.5494383150191595,0.17132096589151313,0.5329262635917078,0.08536746596136846,0.9315390019231226,0.17118268367920764,0.2783788983560953,0.4551399204281845,0.28837386658118636,0.6219026239203959,0.024182328670794728,0.11891176459450115,0.0072057156279687895,0.63696278448569,0.006847826101615606,0.029395762166983586,0.5960419134027176,0.769752707724457,0.8914702445542251,0.8293446422291351,0.674091447661743,0.8123018436770887,0.5669870261774664,0.17719598024969374,0.6977741945404918,0.5296793776623402,0.03839745065910871,0.8744531359977413,0.9306877678220992,0.44437185280622227,0.0320507243922632,0.07006119263271038,0.016336075093254854,0.008257170974817707,0.6570955928994732,0.7867139296971719,0.559129388216089,0.6038365457555377,0.5016469315106541,0.7302894450027686,0.7513506010976267,0.501037007271429,0.8138436002851142,0.9642893045040754,0.1204420253099091,0.866764705948105,0.7933309475450213,0.45480530634894356,0.679668678682819,0.08153386751028846,0.37182773970322525,0.18021738304770163,0.43194120803459735,0.6677190527495566,0.05366807877185242,0.8938917691627587,0.34486735113636613,0.19808221699486683,0.28433729594414736,0.7243210806914815,0.07137363614940795,0.2787009778232814,0.9583839067979352,0.6796940702541633,0.5452028736086078,0.5960139702791154,0.873214495170995,0.9813797718851546,0.338841287203148,0.23703887744770769,0.2225239386791097,0.4504665523709802,0.8824239118763769,0.14635935453815352,0.6868258272752229,0.36859853072043947,0.10671050733686127,0.9090618817083961,0.5973541254183334,0.46640741459667767,0.4535932056642905,0.586508950951905,0.6564654138356375,0.506720462834116,0.748346440558617,0.5001301287546236,0.5642619866230859,0.34792749583617955,0.65119176773372,0.6671706172947585,0.10517661910698917,0.6188890453613548,0.926534376665122,0.7760758139608764,0.7365490661143691,0.28704618306962626,0.9002363116607648,0.903692006816744,0.6053144586358112
Biases_1,0.9839588082037055,0.6587816727130953,0.5187848960422962,0.562072865331169,0.6542176181478906,0.08219797852078847,0.8615712430599417,0.27608651088456526,0.6413470129516773,0.10927122250173527,,,,,,,,,,,,,,,,,,,,,,,,,,,,,,,,,,,,,,,,,,,,,,,,,,,,,,,,,,,,,,,,,,,,,,,,,,,,,,,,,,,,,,,,,,
Weights_2,0.5493498712140632,0.42627350128664465,0.7569300332764395,0.380309488707138,0.31664888228431953,0.035231908271972645,0.7074737654063352,0.5343632405915779,0.7279702255300086,0.4357394576560293,0.3439631870105442,0.4173958173702732,0.48138168481624666,0.9453625220597003,0.4258073826034391,0.34113634024676065,0.14349979328987073,0.40610279523716664,0.13524182111567828,0.8318698497859253,0.3313870087274927,0.47565212858250117,0.8916769938511773,0.8308918712765913,0.764670841960406,0.7563591551682753,0.4171587613512385,0.28610348086290005,0.8477411659767781,0.9551501021074928,0.8775082545086206,0.43542671856751713,0.10663442598035833,0.6460518062587272,0.7791117948749928,0.7797392080563722,0.02899756553517563,0.8079423023128215,0.5038381799551874,0.3211088984057072,0.43339848570315753,0.5257101045759027,0.9083863405419876,0.3001085312355327,0.8145404014416201,0.9318377440128716,0.7267754277592311,0.6369873154654614,0.17000114222512652,0.13146704541767196,0.7375518031793442,0.7129977664561318,0.6297486828550707,0.4126875163394377,0.13447178107326607,0.6741295619012649,0.09479590067195132,0.734024258892632,0.9156726143404778,0.5964941398319822,0.3397858581630534,0.34175847053414743,0.8647343755288474,0.6566268211697112,0.3038685898135369,0.8764488763043163,0.7143830023021565,0.9777952846883454,0.735655487476157,0.4910598056539225,,,,,,,,,,,,,,,,,,,,,,,,,,,,,,
Biases_2,0.3833047096413318,0.2732183446565566,0.4949098148537927,0.5079395704864403,0.2771995284764529,0.10963415748185379,0.6429000799944428,,,,,,,,,,,,,,,,,,,,,,,,,,,,,,,,,,,,,,,,,,,,,,,,,,,,,,,,,,,,,,,,,,,,,,,,,,,,,,,,,,,,,,,,,,,,,
Weights_3,0.02385023442164058,0.2472034570435272,0.9641360547457108,0.8215509206502074,0.6862308137383623,0.19564884336935173,0.997031414035407,0.33378473219902227,0.5720465443508322,0.2106223620108142,0.5383872551614604,0.652521617866705,0.21938752880593348,0.6110535011948054,0.9307910466271043,0.753155361478113,0.5021381272263205,0.10198659607113936,0.14272696638186755,0.22532473656143537,0.04021077668790951,0.03056384733769202,0.7037418181683585,0.46588010052386875,0.1433994653759344,0.3365493279959897,0.8466313208017601,0.019782513786329115,0.07464677964943478,0.25355834596251026,0.7000087182913703,0.36420096147323844,0.4473415529083957,0.21405817764029966,0.049277018526676764,,,,,,,,,,,,,,,,,,,,,,,,,,,,,,,,,,,,,,,,,,,,,,,,,,,,,,,,,,,,,,,,,
Biases_3,0.06844343328903457,0.2735390685043486,0.37902301289760365,0.8613288537294858,0.613741065216225,,,,,,,,,,,,,,,,,,,,,,,,,,,,,,,,,,,,,,,,,,,,,,,,,,,,,,,,,,,,,,,,,,,,,,,,,,,,,,,,,,,,,,,,,,,,,,,
Weights_4,0.2670644059256472,0.5891140026701552,0.40212342482262853,0.011336749703061533,0.5242170600883628,0.14824811005781935,0.757697798031657,0.40940373850838807,0.47996278022201677,0.9689150176485938,0.8863907415320212,0.4227143562041582,0.9960061905676179,0.24946600810003527,0.55360872748815,,,,,,,,,,,,,,,,,,,,,,,,,,,,,,,,,,,,,,,,,,,,,,,,,,,,,,,,,,,,,,,,,,,,,,,,,,,,,,,,,,,,,
Biases_4,0.4614962653671564,0.22281213452848492,0.6771819768965514,,,,,,,,,,,,,,,,,,,,,,,,,,,,,,,,,,,,,,,,,,,,,,,,,,,,,,,,,,,,,,,,,,,,,,,,,,,,,,,,,,,,,,,,,,,,,,,,,
Weights_5,0.9507693395907358,0.10047473232985682,0.23699274907387957,0.27946476662009334,0.9292426986433138,0.2475089904467923,,,,,,,,,,,,,,,,,,,,,,,,,,,,,,,,,,,,,,,,,,,,,,,,,,,,,,,,,,,,,,,,,,,,,,,,,,,,,,,,,,,,,,,,,,,,,,
FitnessValue,,,,,,,,,,,,,,,,,,,,,,,,,,,,,,,,,,,,,,,,,,,,,,,,,,,,,,,,,,,,,,,,,,,,,,,,,,,,,,,,,,,,,,,,,,,,,,,,,,,,
