,0,1,2,3,4,5,6,7,8,9,10,11,12,13,14,15,16,17,18,19,20,21,22,23,24,25,26,27,28,29,30,31,32,33,34,35,36,37,38,39,40,41,42,43,44,45,46,47,48,49,50,51,52,53,54,55,56,57,58,59,60,61,62,63,64,65,66,67,68,69,70,71,72,73,74,75,76,77,78,79,80,81,82,83,84,85,86,87,88,89,90,91,92,93,94,95,96,97,98,99
Weights_1,0.6556616086628602,0.8892230394412066,0.3809585592511576,0.8713060905681174,0.9637918076583708,0.4371429171052309,0.5388911543767375,0.8711097815724548,0.8850553915340766,0.31601774213335987,0.8498506153454601,0.6102153869217807,0.8454129717632415,0.6035421792557357,0.2543404136605091,0.9224361329322629,0.8970060650730749,0.9454415811891397,0.7905591860447513,0.1447072259700698,0.8823507798667307,0.30216954458684864,0.14204245551064243,0.3921755837496752,0.015962954944119923,0.32899624221850166,0.40389816172900583,0.7173903821411021,0.40002031720516684,0.11487638760320606,0.4826570073018923,0.4802779287132798,0.5472767075822035,0.6864262496190033,0.5103533839679222,0.4752018632533922,0.8020931826657198,0.6962914544766375,0.05408237145484307,0.6155746354456648,0.22081152834861395,0.9804542716856393,0.23696668626931827,0.5502239995602015,0.8408093799752722,0.32778863780298806,0.17022073723636022,0.5771841039926555,0.7288949640475922,0.47061111287230295,0.8312042636096706,0.07912408012359418,0.5306834255518156,0.8022602372055628,0.5644405532281402,0.8046171573439904,0.9900593085828071,0.2688130936968992,0.26294709404891237,0.19148463554010808,0.8847364416808324,0.737761128091429,0.2852132579273364,0.8268956423584484,0.655245837119314,0.06315584871759639,0.8664570662933133,0.14702134021933488,0.7783295312786273,0.3598024166691455,0.7832260191703038,0.13393229360582737,0.7063582919594313,0.14596421434452478,0.9050887203308844,0.30961628594049917,0.08953802105052355,0.7793684617445009,0.5632305232114692,0.5714413036968483,0.2365202407084973,0.6881375026884011,0.9992137804167852,0.913089664020965,0.7115567147916636,0.961255890855873,0.5005836066278101,0.762405047629059,0.18878875058738087,0.5681829320728189,0.3200609921428259,0.126694755387749,0.5828886174844337,0.7254191879048564,0.7626850608253193,0.029061731821223402,0.5815591721303413,0.7690374841847195,0.703828676188946,0.8684352343509918
Biases_1,0.9898265708103429,0.7772236447209125,0.7837234758208538,0.029600261070453104,0.7292346464671514,0.2290647417291347,0.4865922577320536,0.18954262234823005,0.8945293007844739,0.1800838639442457,,,,,,,,,,,,,,,,,,,,,,,,,,,,,,,,,,,,,,,,,,,,,,,,,,,,,,,,,,,,,,,,,,,,,,,,,,,,,,,,,,,,,,,,,,
Weights_2,0.09617100730902195,0.6016978856722016,0.4892440406294726,0.3795933017975329,0.7642670830254871,0.24037329143509623,0.902480469283573,0.13198161029733413,0.6809434994345487,0.49574793814956686,0.7473660070457444,0.5771432126672613,0.1827576696426474,0.725503667479775,0.7453711621919166,0.8815622551986387,0.48770400154687055,0.8382374439459701,0.9398006216361982,0.30780965344801237,0.9930017848956872,0.16539468267529833,0.5277439639056136,0.17178474498444007,0.620686082385153,0.6816496222877625,0.5691166230371798,0.6908169633335568,0.04091159708706604,0.3417915873140851,0.8152629980486062,0.6210196130600397,0.8386737236830342,0.8110626124880479,0.5410120301270195,0.9296397829564079,0.8709930081120506,0.05935887099997106,0.907733563873478,0.20215547313199844,0.20580270449068117,0.11787093145465455,0.01960476252145993,0.3935568881315413,0.2124406779333794,0.3475715241114685,0.329836988750285,0.3619869413869088,0.59570332315919,0.45885744573041354,0.1110338297145248,0.5221504378483702,0.5776017861711608,0.7682679623666745,0.6988239953447247,0.3970423488070377,0.7242831551694994,0.8746603353476994,0.7520872789474317,0.7744941072102406,0.5333585455663834,0.4467102710943256,0.06329946438436085,0.23184908592086306,0.16666081472512595,0.0020072961596814265,0.49254932489571046,0.31466832918213505,0.1586717814010551,0.39048757628869635,,,,,,,,,,,,,,,,,,,,,,,,,,,,,,
Biases_2,0.7569920504936312,0.3365768603635919,0.9364644793068412,0.7729967286730719,0.592172448215407,0.024541689110579967,0.4099119990616662,,,,,,,,,,,,,,,,,,,,,,,,,,,,,,,,,,,,,,,,,,,,,,,,,,,,,,,,,,,,,,,,,,,,,,,,,,,,,,,,,,,,,,,,,,,,,
Weights_3,0.42662173946861526,0.27869727335077654,0.7106269204001034,0.43585588666634756,0.00623825843222181,0.8805203707409307,0.5829297329076771,0.4683085118227359,0.8139848881031623,0.9668903745021299,0.29297591581965454,0.4342135701798546,0.13267637416900102,0.510732672076131,0.7572252566910194,0.16394491049437998,0.7428389795580026,0.025409190699770323,0.7205584233974489,0.3359440505778978,0.26727672782240475,0.03734836757289961,0.8637313963970507,0.008021257895732048,0.32546865022187776,0.9929962373250305,0.25078951687246476,0.527740245011669,0.33049463553470915,0.2452241771482927,0.3429624941020163,0.7574385148856663,0.8190133024703171,0.6831989583422454,0.3618238366977763,,,,,,,,,,,,,,,,,,,,,,,,,,,,,,,,,,,,,,,,,,,,,,,,,,,,,,,,,,,,,,,,,
Biases_3,0.7943054278657744,0.4182633595114855,0.04273203667532688,0.17244966566436637,0.5983332707623823,,,,,,,,,,,,,,,,,,,,,,,,,,,,,,,,,,,,,,,,,,,,,,,,,,,,,,,,,,,,,,,,,,,,,,,,,,,,,,,,,,,,,,,,,,,,,,,
Weights_4,0.786467559341021,0.7416125112610935,0.7664258610392647,0.0686417460438552,0.9612324036471248,0.7523767357719793,0.158482925231604,0.9313117275272388,0.05461882772729065,0.1167813484125374,0.06503593520858919,0.9349385778186879,0.6440410502840551,0.45869013087474764,0.6654318568979244,,,,,,,,,,,,,,,,,,,,,,,,,,,,,,,,,,,,,,,,,,,,,,,,,,,,,,,,,,,,,,,,,,,,,,,,,,,,,,,,,,,,,
Biases_4,0.08542163325108076,0.7687333322295464,0.26455560034506576,,,,,,,,,,,,,,,,,,,,,,,,,,,,,,,,,,,,,,,,,,,,,,,,,,,,,,,,,,,,,,,,,,,,,,,,,,,,,,,,,,,,,,,,,,,,,,,,,
Weights_5,0.8744432009505915,0.23439334448024463,0.26623769496066585,0.06465285923262343,0.2850811555135081,0.7177225824828077,,,,,,,,,,,,,,,,,,,,,,,,,,,,,,,,,,,,,,,,,,,,,,,,,,,,,,,,,,,,,,,,,,,,,,,,,,,,,,,,,,,,,,,,,,,,,,
FitnessValue,,,,,,,,,,,,,,,,,,,,,,,,,,,,,,,,,,,,,,,,,,,,,,,,,,,,,,,,,,,,,,,,,,,,,,,,,,,,,,,,,,,,,,,,,,,,,,,,,,,,
