,0,1,2,3,4,5,6,7,8,9,10,11,12,13,14,15,16,17,18,19,20,21,22,23,24,25,26,27,28,29,30,31,32,33,34,35,36,37,38,39,40,41,42,43,44,45,46,47,48,49,50,51,52,53,54,55,56,57,58,59,60,61,62,63,64,65,66,67,68,69,70,71,72,73,74,75,76,77,78,79,80,81,82,83,84,85,86,87,88,89,90,91,92,93,94,95,96,97,98,99
Weights_1,0.8360472675470989,0.805511884445959,0.06083594714760965,0.16837400984979112,0.15100144620304545,0.7302302686191153,0.8962791341911814,0.14634844786767076,0.5474600108874265,0.4148509437368426,0.5643425933820362,0.5536119744938913,0.2442224052814448,0.6469626343210596,0.12496580275365154,0.539972039866939,0.2753077601234566,0.29255780403778575,0.39468842326456,0.21563129669151948,0.2309444346862849,0.10867923503547305,0.33242620148343005,0.01510596718678936,0.5882855177583981,0.31529275616016084,0.4365883434667499,0.09135602243983221,0.5283809142883733,0.29501114885339075,0.7683657805554165,0.8923351146008709,0.3421051504972119,0.7935407619221017,0.46308626506026795,0.9293842137778924,0.9376041775488313,0.5389179854698252,0.8882325509160042,0.6727331166756501,0.4747874988110309,0.46096667645543654,0.917279418863404,0.15450440214841565,0.4639267835666734,0.9794693924281058,0.9973091562922782,0.09984248345147606,0.1262253593744116,0.571843377868878,0.6278958603322417,0.5410354009229731,0.951304567343358,0.17745324452115951,0.28035480757885656,0.36832449239259146,0.4430390485927981,0.9065937423433544,0.2708751746040642,0.9369032438990922,0.27671353443352775,0.75975327077593,0.8101285728228156,0.5696445219510842,0.8885636867443922,0.9919778809930415,0.7264689407274211,0.05926187231790647,0.8301438486094375,0.4872974180610572,0.7036245509091361,0.628851958925977,0.5636076690296026,0.753201948835294,0.43986495747140264,0.0773093196754564,0.6650936360454875,0.12039653486063895,0.957839536737016,0.1958451451440819,0.5612996809981319,0.3392808970218517,0.7592767149485651,0.04123553621959153,0.3138820068345417,0.45989858634051795,0.565100211807703,0.2392254073846345,0.47349756404150667,0.5609842228452029,0.31353810580413966,0.3945862261899593,0.8162931357590749,0.9750334240736186,0.9129945185795971,0.7381628179887192,0.7784428528192545,0.16608419917839423,0.8851706342310621,0.7181086205691362
Biases_1,0.4011873625018417,0.752194098565544,0.4142570308573402,0.8796357082747874,0.8466030763286855,0.7324157693857771,0.6170015654380928,0.5550008183073981,0.06256379713125992,0.9359358533310552,,,,,,,,,,,,,,,,,,,,,,,,,,,,,,,,,,,,,,,,,,,,,,,,,,,,,,,,,,,,,,,,,,,,,,,,,,,,,,,,,,,,,,,,,,
Weights_2,0.10300935961088187,0.6918039866085774,0.8151500219724762,0.6514849550571046,0.8505566437937626,0.12371597842638793,0.6926641448506803,0.6532236388088977,0.8265910815600436,0.1938607563673298,0.84970913987695,0.42345795115121265,0.7031681010184389,0.15283676286632553,0.6709313988988277,0.4925264902828481,0.6029165318939456,0.0351591436902049,0.13156019263230523,0.27765563795476744,0.7900159934665771,0.36270192433300397,0.11199159732265473,0.4432111620467064,0.7461486164073697,0.7701907314228722,0.27185318464830943,0.12270659829889485,0.35727393581504974,0.6842938002716673,0.969320391271461,0.948212288709612,0.6518084243778345,0.5401541562296857,0.853361540846231,0.2609836947421963,0.014528506363564175,0.7043197517684944,0.19661036547597088,0.1199913323256182,0.3253905928275813,0.03698039542124876,0.23162295914801767,0.8354167019652833,0.6875641403433563,0.50925012045336,0.41132634286386993,0.07575249611293922,0.8852299599345118,0.012654699806720515,0.23182686236081285,0.10115864058702195,0.20733201049217242,0.5422262063102358,0.9719304675800756,0.9628451404546239,0.48122168657358433,0.9523910523435721,0.6647126123602024,0.35935239956602993,0.645979951209906,0.7838149786952581,0.42842096659535,0.5358247478156652,0.9279911299420387,0.44940200678962294,0.6328751085462713,0.2177897322151986,0.6894142930326574,0.8059562345358062,,,,,,,,,,,,,,,,,,,,,,,,,,,,,,
Biases_2,0.5080641886421379,0.905073363485282,0.8447348538763317,0.6630214780605398,0.35608306134315315,0.06613125374011697,0.31115934464582207,,,,,,,,,,,,,,,,,,,,,,,,,,,,,,,,,,,,,,,,,,,,,,,,,,,,,,,,,,,,,,,,,,,,,,,,,,,,,,,,,,,,,,,,,,,,,
Weights_3,0.7886816967381595,0.4053419606271427,0.8459514334142895,0.43191019811962916,0.10686371606914558,0.7323334745340735,0.7589208898934559,0.816901188822944,0.28827597440526487,0.8339468161664219,0.8069005104669245,0.035098451712524015,0.9875976385286755,0.20175749495848516,0.899319490895288,0.6430151446606553,0.26809413965991147,0.7542396088042668,0.7762811351410558,0.1565003713846791,0.4632523833370017,0.5514134979321578,0.27724395427374726,0.1281534411054428,0.6594920081755455,0.7170980091668084,0.2333247966965718,0.8569340419488812,0.0697406407884752,0.27440761075261677,0.5138798533619477,0.9069709907681229,0.27254091917841017,0.5511637489717358,0.8985093625123465,,,,,,,,,,,,,,,,,,,,,,,,,,,,,,,,,,,,,,,,,,,,,,,,,,,,,,,,,,,,,,,,,
Biases_3,0.7560410590448664,0.17447164127295967,0.10814141364818664,0.1656013826725784,0.5422741839502437,,,,,,,,,,,,,,,,,,,,,,,,,,,,,,,,,,,,,,,,,,,,,,,,,,,,,,,,,,,,,,,,,,,,,,,,,,,,,,,,,,,,,,,,,,,,,,,
Weights_4,0.10757370694162116,0.8449071441893197,0.03337388286265164,0.3913342893752062,0.678289485955677,0.7772744294205244,0.34748487953650375,0.7443754319292589,0.36554214362906967,0.447835802929231,0.5091711552175239,0.3381196512382244,0.8892655334648472,0.4339297375287917,0.8528023068917076,,,,,,,,,,,,,,,,,,,,,,,,,,,,,,,,,,,,,,,,,,,,,,,,,,,,,,,,,,,,,,,,,,,,,,,,,,,,,,,,,,,,,
Biases_4,0.9516677741593107,0.14648798488337633,0.005011861609754864,,,,,,,,,,,,,,,,,,,,,,,,,,,,,,,,,,,,,,,,,,,,,,,,,,,,,,,,,,,,,,,,,,,,,,,,,,,,,,,,,,,,,,,,,,,,,,,,,
Weights_5,0.4883278920063676,0.0046615767369991845,0.5432584594917282,0.0829463844996099,0.2739939971589398,0.7266134199784904,,,,,,,,,,,,,,,,,,,,,,,,,,,,,,,,,,,,,,,,,,,,,,,,,,,,,,,,,,,,,,,,,,,,,,,,,,,,,,,,,,,,,,,,,,,,,,
FitnessValue,,,,,,,,,,,,,,,,,,,,,,,,,,,,,,,,,,,,,,,,,,,,,,,,,,,,,,,,,,,,,,,,,,,,,,,,,,,,,,,,,,,,,,,,,,,,,,,,,,,,
