,0,1,2,3,4,5,6,7,8,9,10,11,12,13,14,15,16,17,18,19,20,21,22,23,24,25,26,27,28,29,30,31,32,33,34,35,36,37,38,39,40,41,42,43,44,45,46,47,48,49,50,51,52,53,54,55,56,57,58,59,60,61,62,63,64,65,66,67,68,69,70,71,72,73,74,75,76,77,78,79,80,81,82,83,84,85,86,87,88,89,90,91,92,93,94,95,96,97,98,99
Weights_1,0.5355763491313648,0.7781586351022264,0.7275134223577246,0.5886437014764287,0.3208802022437922,0.46812468279761965,0.4175208444497637,0.19857565540777444,0.9134371840775664,0.5794022522767737,0.9631916796114629,0.2917998745326188,0.028709060933036934,0.15651192958828108,0.5572664617527642,0.2673956069810992,0.9014160394659723,0.5383082748073099,0.9218315068137339,0.8108098896451412,0.21760335627485694,0.13797341650699857,0.21541081679184393,0.5686810112562981,0.12164241197974168,0.1957346311665613,0.36905324762642944,0.7899068425085712,0.6630676027215024,0.7893308928634494,0.5851273786997379,0.6863220017052678,0.5489225409799533,0.1373529166095956,0.9590227393638787,0.9663656279169541,0.3819708581457204,0.9270499925954871,0.7334745890398978,0.6144682529711502,0.5868094504862578,0.43264060401822346,0.7426908680482595,0.4065810324332366,0.030452063322258693,0.81687906606237,0.14606036025778202,0.1931619424607317,0.3804405220627318,0.9553438828192872,0.15953356434827748,0.020704127600324806,0.10680556740120672,0.13236285970111028,0.6196969929604894,0.4060451410345952,0.6728154960364635,0.792767947061345,0.37196955203862847,0.38512503873487736,0.7464677900137369,0.793697429138169,0.06339976304421391,0.6024400214106013,0.7314980200057412,0.42139667163605454,0.36925571556350556,0.27106693899921996,0.24079174099383405,0.10976534050811693,0.2377187118047901,0.47862382774527035,0.3901749704622194,0.31231337472262044,0.4326264111377104,0.2481683761621145,0.851346501755331,0.47351095128572085,0.455450175963651,0.32355378625828024,0.7207911050972032,0.2777185531529702,0.9858825972551256,0.02915331914246322,0.953771422718343,0.45748174449239487,0.7222825746575412,0.7025618597468412,0.6031930465787511,0.21481752131882548,0.28099513003619636,0.08661094056034402,0.5770835058164877,0.2032304438407313,0.23594173068969604,0.08530461371675857,0.011365064965918492,0.5677153845179693,0.23817281877591545,0.5380259199313312
Biases_1,0.7921782765667432,0.41170917486279046,0.7508953813606469,0.5836807107840731,0.6702512250251726,0.931739016728935,0.9382120605369316,0.7396563593341329,0.009230961834247986,0.17578991256745302,,,,,,,,,,,,,,,,,,,,,,,,,,,,,,,,,,,,,,,,,,,,,,,,,,,,,,,,,,,,,,,,,,,,,,,,,,,,,,,,,,,,,,,,,,
Weights_2,0.9942545808307182,0.3320433820420977,0.8301194148100502,0.6553631933733061,0.6027647120718104,0.4487949642848821,0.3104952266260189,0.04797816976674363,0.6327509490572297,0.531023946068528,0.37803813035457523,0.04699639612324091,0.12277411235136715,0.7325210063970281,0.04508158730485401,0.5664281844141331,0.9823256751030103,0.841535472446809,0.6589386728163626,0.9813939812952125,0.6594739288726719,0.18175347228568384,0.3661604723002416,0.3523865747324011,0.5523890817950349,0.18067957557402758,0.35348792950377494,0.623259289774804,0.27639806150931245,0.5133614158170973,0.33970491766733,0.3663679286602175,0.4089191233317606,0.039904975352898275,0.15715486985937477,0.40503770148094687,0.9349086057308734,0.022529021491888845,0.6228261621569104,0.2776843443241621,0.31503913658097205,0.1301196511270979,0.49171853547500066,0.49892726964080314,0.5314397455723455,0.8043254823752641,0.11190160314983988,0.7083662425940896,0.36098894355764,0.6119002937778482,0.6772583663051874,0.7882991738629544,0.5962716882749326,0.11231305663610713,0.23185882871814611,0.3758386317994571,0.7033116529639492,0.4926426527151744,0.08922377545605453,0.1224996729727682,0.8869541005841424,0.9101419924328059,0.24608269360332125,0.8949458226802395,0.7266174967632443,0.7567870964320824,0.7790806983415917,0.6638059692001844,0.7809432020537121,0.6028969426640789,,,,,,,,,,,,,,,,,,,,,,,,,,,,,,
Biases_2,0.1300071265835051,0.22732747243343276,0.48241629672013,0.5679066129213387,0.5600698215790981,0.4295314238795732,0.6611676364539755,,,,,,,,,,,,,,,,,,,,,,,,,,,,,,,,,,,,,,,,,,,,,,,,,,,,,,,,,,,,,,,,,,,,,,,,,,,,,,,,,,,,,,,,,,,,,
Weights_3,0.8612294053241516,0.35840175637477323,0.04042641206492492,0.23969626433773217,0.42328112785404925,0.734743751014401,0.7491703597779538,0.9477079725546705,0.9003984186218609,0.013809029477384382,0.35647308094919306,0.7630753361488646,0.7918582685722318,0.6448154095105527,0.3396249933568518,0.2313838195950656,0.7385839256683863,0.45265272849322313,0.07961301495486184,0.2755945339811473,0.6359838222216813,0.5701819306021303,0.9996184165694368,0.19355181040809555,0.6931722584522108,0.9369658162310655,0.9642709925689076,0.32587553344763853,0.5557197864523838,0.37516817047231477,0.9088450044576426,0.0038927094701892706,0.6070002139368729,0.3617275211316795,0.5116664720721597,,,,,,,,,,,,,,,,,,,,,,,,,,,,,,,,,,,,,,,,,,,,,,,,,,,,,,,,,,,,,,,,,
Biases_3,0.057384389742366815,0.9988849673082153,0.11209361352533187,0.28873519656540625,0.7955526921838746,,,,,,,,,,,,,,,,,,,,,,,,,,,,,,,,,,,,,,,,,,,,,,,,,,,,,,,,,,,,,,,,,,,,,,,,,,,,,,,,,,,,,,,,,,,,,,,
Weights_4,0.7746399092017491,0.882807511711665,0.07016735365851245,0.6729681280826273,0.3651502355097743,0.6238685187111372,0.9094721879208296,0.9886041543875872,0.48010149893572873,0.7927104227207648,0.17729109563209833,0.6691700585855773,0.9471859651090861,0.1732422484897702,0.2166144910185216,,,,,,,,,,,,,,,,,,,,,,,,,,,,,,,,,,,,,,,,,,,,,,,,,,,,,,,,,,,,,,,,,,,,,,,,,,,,,,,,,,,,,
Biases_4,0.9527528667941375,0.3291906531568808,0.4447796674056218,,,,,,,,,,,,,,,,,,,,,,,,,,,,,,,,,,,,,,,,,,,,,,,,,,,,,,,,,,,,,,,,,,,,,,,,,,,,,,,,,,,,,,,,,,,,,,,,,
Weights_5,0.6057317596615082,0.12234306021940833,0.42524156307566885,0.7752825471336559,0.8296465660044527,0.8906436254303689,,,,,,,,,,,,,,,,,,,,,,,,,,,,,,,,,,,,,,,,,,,,,,,,,,,,,,,,,,,,,,,,,,,,,,,,,,,,,,,,,,,,,,,,,,,,,,
FitnessValue,,,,,,,,,,,,,,,,,,,,,,,,,,,,,,,,,,,,,,,,,,,,,,,,,,,,,,,,,,,,,,,,,,,,,,,,,,,,,,,,,,,,,,,,,,,,,,,,,,,,
