,0,1,2,3,4,5,6,7,8,9,10,11,12,13,14,15,16,17,18,19,20,21,22,23,24,25,26,27,28,29,30,31,32,33,34,35,36,37,38,39,40,41,42,43,44,45,46,47,48,49,50,51,52,53,54,55,56,57,58,59,60,61,62,63,64,65,66,67,68,69,70,71,72,73,74,75,76,77,78,79,80,81,82,83,84,85,86,87,88,89,90,91,92,93,94,95,96,97,98,99
Weights_1,0.022058764799628316,0.0834071857679709,0.3644908631924395,0.11783089756130982,0.7727030967447991,0.7864443649760473,0.8665007766586947,0.3317987711961262,0.17237592922722555,0.16009409396972463,0.14844116478392377,0.5750201384650079,0.1914707729617251,0.9580030707032705,0.2655813748933654,0.032083332222457184,0.6313014996827185,0.8789064035542428,0.34802044343381155,0.6161794825561971,0.22890010374323766,0.566361096939091,0.8637259144468409,0.04867077796949071,0.08243099898351336,0.4100459415205341,0.1076817728760383,0.48426366323018866,0.33368680877278156,0.2912011075855033,0.24888600134195826,0.6011462194156918,0.8372189995990956,0.9049770322627192,0.4998312873866244,0.2984985651794745,0.11650618470517615,0.5161498637134204,0.4534304514085613,0.5616779234191824,0.9004048802986466,0.1853807276010947,0.7440308427023767,0.3292890470611697,0.19614320412702357,0.3869242604852863,0.6038222977081384,0.17278963588015195,0.35346587555300857,0.5419448753184579,0.441821646894066,0.2142562174679905,0.1175735459868461,0.4485029251326168,0.9711100217299808,0.6857590635402947,0.9298826966274775,0.10022794548081615,0.5076009730188088,0.6756610844603803,0.9507084808079702,0.8213439521686178,0.575642964870943,0.6028338424512181,0.125424141766192,0.2573681481771557,0.19077778333395157,0.4067906435264762,0.5136287684972496,0.31833509072830724,0.8629810175772566,0.09866863979454588,0.39970147015771573,0.8400346590496139,0.37026386008395584,0.5035228683142678,0.7016743768733934,0.8688185922747944,0.9130386596187832,0.440412645405038,0.37944401355447666,0.4330651377772774,0.926856175773133,0.20163350547130432,0.576278435734735,0.7549096286248785,0.6673060128132834,0.23364977408053833,0.37139472274692176,0.5515355385992327,0.4475718583905708,0.8099679990224395,0.24339705328892547,0.8813108311707695,0.2618902665461571,0.23272603342035902,0.4720415448513392,0.23340822134585137,0.44261085896030916,0.8128825938424795
Biases_1,0.8865802546990637,0.5793335791767232,0.45257026385723753,0.6249607037580487,0.8229604508193755,0.9260739339976909,0.7514948369856169,0.9710723535255465,0.4542541691500167,0.824648527590417,,,,,,,,,,,,,,,,,,,,,,,,,,,,,,,,,,,,,,,,,,,,,,,,,,,,,,,,,,,,,,,,,,,,,,,,,,,,,,,,,,,,,,,,,,
Weights_2,0.061995167325131884,0.19722199224054793,0.29426943465698785,0.7024130240950408,0.4200935200242052,0.6142518299974115,0.2218248159840781,0.3860566496817446,0.4702364320359581,0.08162833138242942,0.5467028519624428,0.8806634227301241,0.6236827151794486,0.9200979603071141,0.7289592412159702,0.11221919367779476,0.9130411348902964,0.762322167116214,0.6519970641813063,0.07957003760264447,0.6469357157043539,0.1644379537716767,0.5492852437020739,0.16501435414111032,0.49775169313599443,0.23263861110494022,0.5690925028969972,0.22238244737501767,0.9240801731038458,0.041551019375209775,0.3999779092241855,0.9452387191506608,0.6650902877122795,0.7048468342600959,0.6993424867484456,0.4630201173741654,0.8662389676082644,0.6637378320588934,0.42554584035328513,0.14885069357995007,0.15970539260827465,0.3129621140576826,0.9768354883554103,0.3554922548912026,0.325704832297924,0.48448447030579933,0.9649727987028217,0.32322445606585803,0.35070882604527487,0.8586373413159681,0.04616445025481708,0.49575986102400993,0.03820791001604751,0.839965839651611,0.008351978057068221,0.36749067071389285,0.4458862219374786,0.4590733276714001,0.21351199103768714,0.8871143990713966,0.1499176713514938,0.1852212352696535,0.28111386787751225,0.5033668597407468,0.9461177163857795,0.18535743513497716,0.661823028350537,0.004900757425628677,0.8756627334678606,0.17201216209899017,,,,,,,,,,,,,,,,,,,,,,,,,,,,,,
Biases_2,0.9104290755175107,0.6655445847956779,0.6148451385247267,0.9116722064476304,0.9998167398803793,0.6673133415412483,0.9634159230716669,,,,,,,,,,,,,,,,,,,,,,,,,,,,,,,,,,,,,,,,,,,,,,,,,,,,,,,,,,,,,,,,,,,,,,,,,,,,,,,,,,,,,,,,,,,,,
Weights_3,0.9469648343027943,0.6598555151416383,0.4905847726190815,0.5065146680373003,0.16557243140215083,0.18403934184138404,0.9013698840322433,0.3781582750699063,0.27263151070615477,0.7686843806156188,0.34044793522975925,0.9489883603978841,0.19023808585248592,0.7957657188802488,0.7552300728423813,0.6088888811889712,0.13797004048191808,0.5519573474162178,0.6547711432085452,0.39718530711646693,0.5790170128853893,0.3420373834178575,0.23378018071589346,0.5879582145271921,0.9543666934458408,0.6455462306748634,0.8310949230403964,0.40586732363447875,0.7875471417618358,0.993368296456002,0.8039561348153983,0.7915803922518639,0.6541000096547742,0.20772163816920775,0.7817606815037832,,,,,,,,,,,,,,,,,,,,,,,,,,,,,,,,,,,,,,,,,,,,,,,,,,,,,,,,,,,,,,,,,
Biases_3,0.7719598904503076,0.34861525575430563,0.5054959981421353,0.8716655510240108,0.5918940220741531,,,,,,,,,,,,,,,,,,,,,,,,,,,,,,,,,,,,,,,,,,,,,,,,,,,,,,,,,,,,,,,,,,,,,,,,,,,,,,,,,,,,,,,,,,,,,,,
Weights_4,0.3258506805176479,0.5707430540170502,0.40858684497353215,0.6699235614546939,0.06313419928316177,0.2090120452927725,0.13858669860709205,0.7666750759278571,0.17042845950039154,0.09050168069510123,0.19236969206589416,0.8519729296099018,0.5451150849470543,0.12078801785252469,0.38255332344349946,,,,,,,,,,,,,,,,,,,,,,,,,,,,,,,,,,,,,,,,,,,,,,,,,,,,,,,,,,,,,,,,,,,,,,,,,,,,,,,,,,,,,
Biases_4,0.32045623325664374,0.5953784098688497,0.8717975952664659,,,,,,,,,,,,,,,,,,,,,,,,,,,,,,,,,,,,,,,,,,,,,,,,,,,,,,,,,,,,,,,,,,,,,,,,,,,,,,,,,,,,,,,,,,,,,,,,,
Weights_5,0.287075626772368,0.23744386837873865,0.5450138244384881,0.11160219525322423,0.48511675413033006,0.9160044109727047,,,,,,,,,,,,,,,,,,,,,,,,,,,,,,,,,,,,,,,,,,,,,,,,,,,,,,,,,,,,,,,,,,,,,,,,,,,,,,,,,,,,,,,,,,,,,,
FitnessValue,,,,,,,,,,,,,,,,,,,,,,,,,,,,,,,,,,,,,,,,,,,,,,,,,,,,,,,,,,,,,,,,,,,,,,,,,,,,,,,,,,,,,,,,,,,,,,,,,,,,
