,0,1,2,3,4,5,6,7,8,9,10,11,12,13,14,15,16,17,18,19,20,21,22,23,24,25,26,27,28,29,30,31,32,33,34,35,36,37,38,39,40,41,42,43,44,45,46,47,48,49,50,51,52,53,54,55,56,57,58,59,60,61,62,63,64,65,66,67,68,69,70,71,72,73,74,75,76,77,78,79,80,81,82,83,84,85,86,87,88,89,90,91,92,93,94,95,96,97,98,99
Weights_1,0.9752310126183266,0.16482241225895056,0.019575292470931593,0.41073145000760347,0.0402782205524822,0.8023557560671888,0.8372411504429913,0.47974022609100286,0.8152277619951327,0.05805876500202678,0.07276690752364667,0.810627662268089,0.6717075323895874,0.23820273600768738,0.22527144744666383,0.9352030039026713,0.08049733261616543,0.5776700403973535,0.3326349622209316,0.03160151733001171,0.6711002512023714,0.5103534871663888,0.9312672244846494,0.6526042167139604,0.9567081108312367,0.8261519841720385,0.18594693553586739,0.45025550904490197,0.9612769560639685,0.4403576375233451,0.6486752013338828,0.9028172719225789,0.13739663173828032,0.6913911922620958,0.6430976022868445,0.47911960185286084,0.13284376902460726,0.8834969598679654,0.7720389439639767,0.5717541988009804,0.8518339222072929,0.12506339556774704,0.008747308384804309,0.04490358639537362,0.7929799546653864,0.46770297877283584,0.7925910356916358,0.08986756726705192,0.42457274392575917,0.19236902910794218,0.756655916977407,0.4893979927988725,0.5618462831219955,0.6919691136330158,0.4222831505112896,0.5344743118693313,0.48651296064984273,0.23139651350582702,0.1935500477721217,0.23303304380258305,0.15727861342688088,0.09597675274977624,0.7648246313200283,0.03675663297995291,0.8763838834995497,0.6857972250928912,0.0342252692897671,0.41480628422324617,0.5265095605318594,0.764567078216631,0.20019897400104048,0.5578682734499789,0.07579489109154913,0.1814629139245132,0.0018055677210460086,0.6157982854931083,0.6015146692124286,0.26391692126749544,0.8888056121280562,0.5823140646637518,0.9195673797882564,0.9342916124785298,0.6718166283157109,0.87533238681401,0.5837376049141136,0.24522452093258118,0.880851960432335,0.019858900176852323,0.9108609821863868,0.13950572363612102,0.1953387837888838,0.261276960649672,0.419397431923208,0.08172907616671077,0.46146735018325535,0.7002546421707337,0.4400196663704893,0.1366965529267714,0.5331837842481258,0.11127099310759114
Biases_1,0.4888793533039254,0.5657644355621549,0.9451771895222538,0.6192359811431585,0.6276304102383186,0.3790767133737839,0.09334397151448759,0.14174107272441872,0.703789723684952,0.9836188865654585,,,,,,,,,,,,,,,,,,,,,,,,,,,,,,,,,,,,,,,,,,,,,,,,,,,,,,,,,,,,,,,,,,,,,,,,,,,,,,,,,,,,,,,,,,
Weights_2,0.9939527906320225,0.4711789355537659,0.10907365853849438,0.14577733003922477,0.6545401605338423,0.9585161862638649,0.42785441025631865,0.9397298151132858,0.5308345698324031,0.10472369907817625,0.656177822675829,0.7747512741263909,0.6216760759433955,0.991908434562482,0.494789580318694,0.6454490508448258,0.42874483628827886,0.5116103799020696,0.3044325352512144,0.08410085615562835,0.16440892457055667,0.11570462951604166,0.49458559710319905,0.7308022041703088,0.5668105030510731,0.7919323236105533,0.7272727933356483,0.014758062021822171,0.4102442628879037,0.8117974019132291,0.4061126702621606,0.3465596522268647,0.045813003053957524,0.737942366349123,0.155210596740866,0.829820356588573,0.3752542888234969,0.16000380655530355,0.2993196720165633,0.6668151587259299,0.6628106601653496,0.8550155318343745,0.22963226247542712,0.6014172002889446,0.2974545033318945,0.4293018230257638,0.43210030181426407,0.06595407923219798,0.4271492045878723,0.9945923044768737,0.9045496846534016,0.07748517606565186,0.16309624820373403,0.43936616801911976,0.028525414748417743,0.2654833869311065,0.5909119790312923,0.39438090784278335,0.32293819650258127,0.9201119480356059,0.2906241466826781,0.30950192424572587,0.23712476299534846,0.49747074501038024,0.6679263327558791,0.3204083914079635,0.597290503720577,0.4384717649998535,0.16930426615710692,0.522337276867184,,,,,,,,,,,,,,,,,,,,,,,,,,,,,,
Biases_2,0.3256774567536648,0.748067991468556,0.13945975291672597,0.2982903364588333,0.46738232512940225,0.4771007554652451,0.1431815856790315,,,,,,,,,,,,,,,,,,,,,,,,,,,,,,,,,,,,,,,,,,,,,,,,,,,,,,,,,,,,,,,,,,,,,,,,,,,,,,,,,,,,,,,,,,,,,
Weights_3,0.8513808642754502,0.8000904463031999,0.2126336417156498,0.7093967386950814,0.2142157766607643,0.7892655918089317,0.432196157422314,0.13282897453097353,0.055057656871930094,0.33679949660026864,0.28847873881245534,0.6739288311616592,0.5845050748474699,0.8642987197713097,0.2806312613768748,0.937568319252888,0.6716832104422951,0.669439700259163,0.40484042353673,0.2884375859168956,0.7784035681470151,0.7575907981348593,0.5433490051358582,0.5024243004540356,0.16924729122708093,0.24846570885073804,0.9074712871124848,0.041892398695362765,0.5611398376882019,0.9585248415682979,0.9496461332597805,0.9867106550821164,0.09765446490791052,0.5690695828258435,0.10731699220674551,,,,,,,,,,,,,,,,,,,,,,,,,,,,,,,,,,,,,,,,,,,,,,,,,,,,,,,,,,,,,,,,,
Biases_3,0.3378997945011004,0.5613742387077014,0.2494492862082497,0.5988953434043157,0.1975308402704543,,,,,,,,,,,,,,,,,,,,,,,,,,,,,,,,,,,,,,,,,,,,,,,,,,,,,,,,,,,,,,,,,,,,,,,,,,,,,,,,,,,,,,,,,,,,,,,
Weights_4,0.14885675010807597,0.49974499778857273,0.4205136745390402,0.4912714750574949,0.09712604093672206,0.3574106591634012,0.984384668807781,0.5821004354243349,0.1668008190796838,0.6312464166197332,0.6999253857826623,0.7864405648506189,0.7423308457937131,0.09144555333617954,0.9006554712020666,,,,,,,,,,,,,,,,,,,,,,,,,,,,,,,,,,,,,,,,,,,,,,,,,,,,,,,,,,,,,,,,,,,,,,,,,,,,,,,,,,,,,
Biases_4,0.01727909098659086,0.2037750027079589,0.7209237922009493,,,,,,,,,,,,,,,,,,,,,,,,,,,,,,,,,,,,,,,,,,,,,,,,,,,,,,,,,,,,,,,,,,,,,,,,,,,,,,,,,,,,,,,,,,,,,,,,,
Weights_5,0.37093176899377844,0.2781198885975127,0.45187859444391343,0.01873879955742286,0.45669158439651303,0.845991522866715,,,,,,,,,,,,,,,,,,,,,,,,,,,,,,,,,,,,,,,,,,,,,,,,,,,,,,,,,,,,,,,,,,,,,,,,,,,,,,,,,,,,,,,,,,,,,,
FitnessValue,,,,,,,,,,,,,,,,,,,,,,,,,,,,,,,,,,,,,,,,,,,,,,,,,,,,,,,,,,,,,,,,,,,,,,,,,,,,,,,,,,,,,,,,,,,,,,,,,,,,
