,0,1,2,3,4,5,6,7,8,9,10,11,12,13,14,15,16,17,18,19,20,21,22,23,24,25,26,27,28,29,30,31,32,33,34,35,36,37,38,39,40,41,42,43,44,45,46,47,48,49,50,51,52,53,54,55,56,57,58,59,60,61,62,63,64,65,66,67,68,69,70,71,72,73,74,75,76,77,78,79,80,81,82,83,84,85,86,87,88,89,90,91,92,93,94,95,96,97,98,99
Weights_1,0.5918965790442496,0.41490393596816233,0.45708030970280955,0.820597748872913,0.52183669155515,0.005478249558877213,0.7625274082692745,0.17585058944889154,0.5592154914103686,0.2515583173590219,0.29104948593155666,0.07955631453314871,0.868410934442548,0.1503031727600903,0.12874464301744215,0.551904358061451,0.6868991786864476,0.13556956479695326,0.0048679502002321184,0.2180119650021144,0.3441710049472717,0.12401293346893916,0.19991325145968863,0.806050011041657,0.9333957887234102,0.7617377607830321,0.6752040792596856,0.7438602586166211,0.37341048529822907,0.7812311707934906,0.9411406933692102,0.8837563827620208,0.6347264616949158,0.2023934731340299,0.43956314363955995,0.7333059777556435,0.5895269923390021,0.6051958268762107,0.7931985872711849,0.8782260135994266,0.4786380636995142,0.2903618592880328,0.0770463506541289,0.05018915561396342,0.5480406698717744,0.6954939745376414,0.8374720033395415,0.23241883411994402,0.6812167410481155,0.15880393247032787,0.27362641934216814,0.8197454942653604,0.3474573919317169,0.20967424504431242,0.025476152117548945,0.7866942424621249,0.7238395863972877,0.6013204643488843,0.5834601216223086,0.07353228744529128,0.8444542309943714,0.6078712079856947,0.31408788852449354,0.5124132289549269,0.7037993612523014,0.4463301484109534,0.09310531255487364,0.6677798604327659,0.1154148587438606,0.557393296414501,0.3632037419409436,0.11000048256729333,0.29249132405227185,0.5044904652100003,0.1586813112048776,0.7352118646199165,0.2779353187681515,0.8119393785657977,0.9297630220329444,0.3783280257664564,0.1973461766000305,0.3166244308821986,0.47038476773543636,0.06314459469707978,0.141292704216742,0.43931880744593443,0.917078087019735,0.8848567528662195,0.9199287690578196,0.5600907638967834,0.674364590243271,0.09301273657999853,0.37656290080743626,0.5592503453845744,0.6191232614836976,0.6683656303704212,0.23039044504460549,0.7777799972725193,0.7546396499945582,0.291051496348689
Biases_1,0.17631430085543398,0.3360384702122675,0.7294245710391103,0.49357595496998763,0.8485644774896016,0.9873467829736227,0.02106575138604183,0.9876679916949463,0.2832529379196296,0.8430645345004563,,,,,,,,,,,,,,,,,,,,,,,,,,,,,,,,,,,,,,,,,,,,,,,,,,,,,,,,,,,,,,,,,,,,,,,,,,,,,,,,,,,,,,,,,,
Weights_2,0.6355823836278265,0.25799000013489537,0.3054069364819679,0.1352212212992746,0.7296294776038582,0.13585508476373054,0.9207307986789401,0.4800587486914448,0.14781566522021639,0.6008150371034405,0.8447720154517597,0.8510315258167042,0.7663592558721978,0.854048683559308,0.9504129922365211,0.9488244456732498,0.4767910119021933,0.6689162968249144,0.10337020067626268,0.8330447973463195,0.2948113432780959,0.5647165406055743,0.3469736515626516,0.9869920557472421,0.268397784073088,0.0838955828308302,0.956793519661239,0.7677804168043073,0.9259530259201185,0.2660592925169921,0.394658401453745,0.8629992782094115,0.24512571729896915,0.8310012397992175,0.599418088790343,0.23561191342493848,0.9939133687754558,0.14359863694103137,0.6393372488344827,0.14171549084714874,0.40171380141475843,0.7469666525545958,0.5034416750676561,0.9037353379941253,0.9705706415997146,0.13829216173654846,0.0643339640088545,0.15276817137718401,0.37908624457527607,0.9420982492568574,0.21202382158487532,0.7107974077286087,0.02270970939111705,0.868942741844637,0.6953120710156283,0.5060967552486234,0.9175668926461309,0.23137302778952518,0.4005030238271584,0.46739028802413796,0.6364226159764903,0.7485276405596298,0.6390641788915743,0.6726021403060419,0.19704561650848473,0.9507060884299662,0.44599957716513805,0.18701614989284243,0.7519869558871891,0.22555633749147885,,,,,,,,,,,,,,,,,,,,,,,,,,,,,,
Biases_2,0.6164562065105776,0.8417307500220836,0.6271365651912966,0.7380005739591385,0.6728923822713464,0.06198619327287336,0.4596801332563203,,,,,,,,,,,,,,,,,,,,,,,,,,,,,,,,,,,,,,,,,,,,,,,,,,,,,,,,,,,,,,,,,,,,,,,,,,,,,,,,,,,,,,,,,,,,,
Weights_3,0.8702832191857032,0.8055151061141498,0.2849498541954948,0.02681533692550009,0.8655878592572687,0.16642907799516649,0.49623205853865604,0.8132645773100968,0.39826206633656525,0.889654285038049,0.3837405337932831,0.313349118012029,0.3859209756774282,0.3010837672566884,0.6699322379621935,0.4710607627695158,0.6113425289676134,0.3477030801405143,0.41572115782780916,0.23252058096065265,0.7184826379677531,0.3125987842669312,0.6868210448384532,0.8126651510916786,0.3442107310145841,0.48769453578901667,0.24768395780571295,0.3328969939078459,0.38202210555402816,0.027588405619975,0.40769964608654796,0.7129204675044379,0.9982995994154156,0.8912491139693148,0.6527134815280822,,,,,,,,,,,,,,,,,,,,,,,,,,,,,,,,,,,,,,,,,,,,,,,,,,,,,,,,,,,,,,,,,
Biases_3,0.6729548225410226,0.7205100349501585,0.08462048368587005,0.80925189293584,0.30776218031526714,,,,,,,,,,,,,,,,,,,,,,,,,,,,,,,,,,,,,,,,,,,,,,,,,,,,,,,,,,,,,,,,,,,,,,,,,,,,,,,,,,,,,,,,,,,,,,,
Weights_4,0.7470132948523782,0.6289430877505788,0.4595853661160344,0.8244302174218434,0.19530051042966767,0.07790636855444255,0.6621570407185163,0.11056723897896714,0.204521180847813,0.8999161404650582,0.982619398005588,0.36805818041398597,0.4596388334813848,0.2686029957260003,0.5698354092963905,,,,,,,,,,,,,,,,,,,,,,,,,,,,,,,,,,,,,,,,,,,,,,,,,,,,,,,,,,,,,,,,,,,,,,,,,,,,,,,,,,,,,
Biases_4,0.16516753451831356,0.3533537138500594,0.701746064874725,,,,,,,,,,,,,,,,,,,,,,,,,,,,,,,,,,,,,,,,,,,,,,,,,,,,,,,,,,,,,,,,,,,,,,,,,,,,,,,,,,,,,,,,,,,,,,,,,
Weights_5,0.510745493220158,0.9260404676596992,0.3108711794522898,0.2917679511402953,0.6461387555613188,0.42741970435619236,,,,,,,,,,,,,,,,,,,,,,,,,,,,,,,,,,,,,,,,,,,,,,,,,,,,,,,,,,,,,,,,,,,,,,,,,,,,,,,,,,,,,,,,,,,,,,
FitnessValue,,,,,,,,,,,,,,,,,,,,,,,,,,,,,,,,,,,,,,,,,,,,,,,,,,,,,,,,,,,,,,,,,,,,,,,,,,,,,,,,,,,,,,,,,,,,,,,,,,,,
