,0,1,2,3,4,5,6,7,8,9,10,11,12,13,14,15,16,17,18,19,20,21,22,23,24,25,26,27,28,29,30,31,32,33,34,35,36,37,38,39,40,41,42,43,44,45,46,47,48,49,50,51,52,53,54,55,56,57,58,59,60,61,62,63,64,65,66,67,68,69,70,71,72,73,74,75,76,77,78,79,80,81,82,83,84,85,86,87,88,89,90,91,92,93,94,95,96,97,98,99
Weights_1,0.9875326615015678,0.904353699936361,0.09553515276975255,0.4392109382015945,0.06975293142778971,0.46587174668218956,0.36329865654161086,0.8524492333381093,0.6940363607777574,0.6526858633235119,0.819838192905721,0.41663646684071176,0.300777298326409,0.9479264237780662,0.03256495174060148,0.08473238957373475,0.668076653116907,0.19403760274377213,0.7401881451560236,0.9870194355443268,0.30355968562709146,0.8679872968509585,0.793424675321158,0.8467186667294815,0.7637146629805457,0.03526720065286426,0.0017014345647081708,0.896563483467856,0.8198202241104566,0.03227116777285055,0.9288303872569746,0.3479135104672626,0.5693345443403004,0.712230033337174,0.30791601664757706,0.612252201812007,0.17098196729261328,0.23909987513932351,0.1894656771513611,0.1621046045261625,0.19019912481625478,0.7215707744845147,0.8635107379088404,0.2506399912645313,0.05642703261533133,0.08440723266858241,0.8809058588695319,0.10934395028287724,0.28535179102902686,0.15704552145774553,0.0849475824829915,0.20601681788951787,0.24525919060170998,0.9738511993105816,0.8602487499242034,0.5149015637765283,0.08663114213509837,0.053565190221648296,0.5477466759496248,0.640824483217449,0.13533025097539852,0.9928208598137822,0.9821842631144573,0.35494553043075205,0.3621055863114695,0.5169642862336176,0.835173697211823,0.28580818185135426,0.7240842579897531,0.7585370230866673,0.20807674842066926,0.963775783487711,0.31016933747875564,0.9623564846492765,0.7799504418488377,0.0783102889602364,0.5774063958569848,0.25794189501876486,0.015549429953977123,0.2078836754535004,0.25040333919266056,0.6417448681599504,0.9144071946086529,0.06231854296804873,0.9725586554028581,0.7901238887165916,0.43168169592906813,0.08086388365785169,0.7306426728472367,0.2698681365944817,0.7733379916523992,0.9435410117655624,0.4961157524842167,0.44729140415328017,0.9685123672077004,0.5099984222132399,0.747143610666554,0.2755888404893847,0.8332199419998338,0.6234902063112974
Biases_1,0.3309484073925528,0.7393925838207183,0.16303206137153603,0.11544608483259411,0.06037849189891886,0.6853039851224655,0.6949507245557244,0.3654950178439347,0.566268245310041,0.7984106525682584,,,,,,,,,,,,,,,,,,,,,,,,,,,,,,,,,,,,,,,,,,,,,,,,,,,,,,,,,,,,,,,,,,,,,,,,,,,,,,,,,,,,,,,,,,
Weights_2,0.11992828544415257,0.6887605458975682,0.47532498709253757,0.21012844517448181,0.1685107001462599,0.18943989753517243,0.5136942989423318,0.6832326471917882,0.4322983917364448,0.14309631032880354,0.48193735274035454,0.6829569381012612,0.8531150824975773,0.8518604008603252,0.5462458594232594,0.5008377321680019,0.9791313892270869,0.8758544086200376,0.7659845242329524,0.4440955482653942,0.5566389998230798,0.9423173371647495,0.4377871265320644,0.8051668736178867,0.7389938789146128,0.4786618573150341,0.027177450816746496,0.7700877948156762,0.9869745794704657,0.9294070899601644,0.9605317270865114,0.042524932715142794,0.16102020948115892,0.815578754303124,0.284015067686361,0.7696047022071192,0.6523831136957625,0.31704795102847916,0.2573569660122712,0.5047369040265255,0.7454283242921653,0.30546174493717515,0.637453706989144,0.9932650977788876,0.37449852792704896,0.8308929548021453,0.10110583294888209,0.6316932825234302,0.9626329509951967,0.9372116418833742,0.07547725763775348,0.9744725742337029,0.5798076328850139,0.37252787465240045,0.9570375785501912,0.016921281404207233,0.9271539953516286,0.965448316664193,0.397106720778323,0.012747337125844083,0.6768421598743884,0.2529221670176154,0.9669747481363714,0.8270507343269398,0.45359033802957793,0.3500268284287019,0.4223428808362416,0.46159459734697583,0.06080071063882475,0.8018672099067176,,,,,,,,,,,,,,,,,,,,,,,,,,,,,,
Biases_2,0.6140295997312835,0.16349103679591626,0.4404944195095969,0.7607763618827897,0.3424300636962495,0.03282884216210469,0.653945556655629,,,,,,,,,,,,,,,,,,,,,,,,,,,,,,,,,,,,,,,,,,,,,,,,,,,,,,,,,,,,,,,,,,,,,,,,,,,,,,,,,,,,,,,,,,,,,
Weights_3,0.03849337087647653,0.5600126988479213,0.5635247766494895,0.462852833646768,0.1809114541397765,0.3433876050166721,0.3192676735717054,0.8552799244825126,0.5975550929798173,0.6911403835428439,0.7702571207213623,0.7079736920278231,0.521895674365361,0.40051306019063904,0.37005774906161815,0.9689121813983215,0.8799544624562579,0.5316464284316412,0.827081898120061,0.5747285378641543,0.040380332901515326,0.772431825939526,0.7255354804941726,0.6891075183903844,0.7223076483835725,0.5891379739189007,0.8745693076845417,0.21036265509496854,0.32572521914305874,0.6055041790784413,0.24983406305749822,0.3893795840028593,0.9731112513277174,0.7440947132620259,0.6329496960561177,,,,,,,,,,,,,,,,,,,,,,,,,,,,,,,,,,,,,,,,,,,,,,,,,,,,,,,,,,,,,,,,,
Biases_3,0.6088206571803007,0.9309954417764733,0.6543910197118047,0.6135929016438421,0.1474286752915096,,,,,,,,,,,,,,,,,,,,,,,,,,,,,,,,,,,,,,,,,,,,,,,,,,,,,,,,,,,,,,,,,,,,,,,,,,,,,,,,,,,,,,,,,,,,,,,
Weights_4,0.7223664405953774,0.39320730286984484,0.2408173041018854,0.26598646524028724,0.9544268102807248,0.7967549061830489,0.13091493124371156,0.1233828745759995,0.6008670841808865,0.7204906154990935,0.377377031868142,0.43080750692360326,0.14247618283927144,0.507472932484035,0.6965272929918167,,,,,,,,,,,,,,,,,,,,,,,,,,,,,,,,,,,,,,,,,,,,,,,,,,,,,,,,,,,,,,,,,,,,,,,,,,,,,,,,,,,,,
Biases_4,0.609640015984514,0.7976180520067436,0.3876941866138567,,,,,,,,,,,,,,,,,,,,,,,,,,,,,,,,,,,,,,,,,,,,,,,,,,,,,,,,,,,,,,,,,,,,,,,,,,,,,,,,,,,,,,,,,,,,,,,,,
Weights_5,0.23919174114517183,0.9779318316588932,0.6527020722693442,0.1023602790486583,0.9202949621202376,0.8302071101099557,,,,,,,,,,,,,,,,,,,,,,,,,,,,,,,,,,,,,,,,,,,,,,,,,,,,,,,,,,,,,,,,,,,,,,,,,,,,,,,,,,,,,,,,,,,,,,
FitnessValue,,,,,,,,,,,,,,,,,,,,,,,,,,,,,,,,,,,,,,,,,,,,,,,,,,,,,,,,,,,,,,,,,,,,,,,,,,,,,,,,,,,,,,,,,,,,,,,,,,,,
