,0,1,2,3,4,5,6,7,8,9,10,11,12,13,14,15,16,17,18,19,20,21,22,23,24,25,26,27,28,29,30,31,32,33,34,35,36,37,38,39,40,41,42,43,44,45,46,47,48,49,50,51,52,53,54,55,56,57,58,59,60,61,62,63,64,65,66,67,68,69,70,71,72,73,74,75,76,77,78,79,80,81,82,83,84,85,86,87,88,89,90,91,92,93,94,95,96,97,98,99
Weights_1,0.2395962348590419,0.9065598384562878,0.4026647829261547,0.49399765409490437,0.6208259640272843,0.3633958673213855,0.9047146726322398,0.15731570208335577,0.3561608102331161,0.5240994247209788,0.9892034810127979,0.1832872611022487,0.7558491506612034,0.1799033898734127,0.5551614427401415,0.0769910089349699,0.8900252879562983,0.5794946680706765,0.8680321789894255,0.9686779060885389,0.1089872591764579,0.6127700673729078,0.18049848638506882,0.3137338035217573,0.025851029822467564,0.5266477018685302,0.8755995214240878,0.98455355311951,0.833273079561975,0.5680619486552282,0.708928676967674,0.21745289884495944,0.4392347737818466,0.18677218046141042,0.7738029314101333,0.7669195475827101,0.8768901921620034,0.2329058187446602,0.4847740764474725,0.44195664876980134,0.5704686066653352,0.7368846791869221,0.11356519137565635,0.09604098906490122,0.08929580560981731,0.5554356203758997,0.84327748153167,0.8270092508845691,0.35663229863116597,0.625410450636522,0.991763300663743,0.2813373416887397,0.08517991279957249,0.6911603053217343,0.4678685697526319,0.16438993542121239,0.6701702212952008,0.36730300953027606,0.6181137461846491,0.582194524683176,0.02042831171188242,0.8739705158621263,0.7575071890013901,0.4911220795283604,0.44648294442158554,0.4782218783441665,0.18697274163005917,0.7592578754373429,0.4413341976678755,0.7601615824532925,0.6348319011083411,0.4120684214459829,0.18653762429482446,0.4322757405455021,0.1328750162682737,0.49428026281588067,0.2436265557401308,0.696296920866733,0.7399293980777107,0.006468889272533085,0.21933427733832545,0.3042108801581117,0.22562326253648002,0.1275087872099484,0.8355195133008846,0.5461633327355573,0.26349824122213217,0.5671647817944229,0.8201332148527815,0.09848930372597375,0.4966622169457551,0.9210913600950688,0.6695445267689715,0.5693399415120537,0.06432154159913506,0.574697469148318,0.48873896730217925,0.9427897280528906,0.8285843889023674,0.7542365180644146
Biases_1,0.344257567530341,0.7867880732592255,0.30732506254899095,0.5398088941698322,0.2184593841090655,0.8343542750337859,0.5119191368620869,0.7326286672575288,0.818814598627351,0.7658985733692955,,,,,,,,,,,,,,,,,,,,,,,,,,,,,,,,,,,,,,,,,,,,,,,,,,,,,,,,,,,,,,,,,,,,,,,,,,,,,,,,,,,,,,,,,,
Weights_2,0.8324479893386381,0.5871786867011574,0.37237784009612807,0.5269780634465321,0.3240116921756696,0.4320842370617143,0.6329658601137106,0.29338997974557235,0.30042891698040275,0.7277167058444465,0.5542778480903564,0.9960698738521567,0.8577064959146526,0.9379052848954865,0.7496453282204594,0.51926108077034,0.5586836686731095,0.2994870290777232,0.05088444199825659,0.40649347853531603,0.8451332055384083,0.41323007370757714,0.008316746822804033,0.8490215139713976,0.8272433477333347,0.6515443518641181,0.6467149270670463,0.6264522803417816,0.16413133939229285,0.5506860306834188,0.6987956331482313,0.8770102435105631,0.5498587130725662,0.971651186739245,0.979553607578944,0.6961848899255711,0.46968527730511234,0.8217692237979001,0.952432703005569,0.9975843534489028,0.2667768737944487,0.9512260347554489,0.8887930797278967,0.022870427169991547,0.6654134744872303,0.7023649763209785,0.5998007748445363,0.5562002239755628,0.5435883515837128,0.45830713579743765,0.5578588193242904,0.8358258456035804,0.9146852126261941,0.8706412604352795,0.08649332904554707,0.8714696462252907,0.9111886545834528,0.7329317250368578,0.37087435854847917,0.396341399273191,0.14306006534852933,0.36197442848052375,0.04965727108313278,0.22639432998988684,0.9559709082810286,0.18501336532075052,0.2620217453562894,0.6618685194909742,0.17094174412105678,0.010762312902202642,,,,,,,,,,,,,,,,,,,,,,,,,,,,,,
Biases_2,0.6993125793589716,0.7327141310705565,0.5209541228313073,0.6978829470374592,0.481531518038004,0.6330837245922485,0.024409519981402616,,,,,,,,,,,,,,,,,,,,,,,,,,,,,,,,,,,,,,,,,,,,,,,,,,,,,,,,,,,,,,,,,,,,,,,,,,,,,,,,,,,,,,,,,,,,,
Weights_3,0.7321901707867109,0.929498952287648,0.8400088135559362,0.5783079337528969,0.17108343928096992,0.7715005962079723,0.32572319772347313,0.6247193937381988,0.5872993970445418,0.3756219787462012,0.006784445068744649,0.8916425257126429,0.7886248110304888,0.7749556121000439,0.09683935819684586,0.2014252738005512,0.3022711336045767,0.04986482197887532,0.08024155057431814,0.5593846992200832,0.2873505200424761,0.017264829025817052,0.29570551917159205,0.396947615934105,0.5773096865059554,0.9119523915583425,0.40569861207709756,0.7516584169540226,0.3715142095786499,0.4536676878888434,0.9852666841840724,0.24139704936526307,0.15875103740625385,0.3448081171307129,0.3573877741258177,,,,,,,,,,,,,,,,,,,,,,,,,,,,,,,,,,,,,,,,,,,,,,,,,,,,,,,,,,,,,,,,,
Biases_3,0.712687838971576,0.336092584180542,0.6957619331356826,0.5899857043810544,0.15378241209400856,,,,,,,,,,,,,,,,,,,,,,,,,,,,,,,,,,,,,,,,,,,,,,,,,,,,,,,,,,,,,,,,,,,,,,,,,,,,,,,,,,,,,,,,,,,,,,,
Weights_4,0.7659852602512827,0.4125072593720882,0.6985198168741077,0.9477155846662626,0.2739711988790494,0.8202938811837698,0.7533468692795101,0.8064411081051265,0.3185028429698755,0.9626268111229653,0.33758660886413105,0.4274507739499649,0.4402414584329175,0.6994532409984057,0.9771114422251473,,,,,,,,,,,,,,,,,,,,,,,,,,,,,,,,,,,,,,,,,,,,,,,,,,,,,,,,,,,,,,,,,,,,,,,,,,,,,,,,,,,,,
Biases_4,0.7766079613020263,0.5677906485282856,0.9517874106259298,,,,,,,,,,,,,,,,,,,,,,,,,,,,,,,,,,,,,,,,,,,,,,,,,,,,,,,,,,,,,,,,,,,,,,,,,,,,,,,,,,,,,,,,,,,,,,,,,
Weights_5,0.37328094833629133,0.8413320419249324,0.9312560540469323,0.8219360973446491,0.10811386077599283,0.1499716909672656,,,,,,,,,,,,,,,,,,,,,,,,,,,,,,,,,,,,,,,,,,,,,,,,,,,,,,,,,,,,,,,,,,,,,,,,,,,,,,,,,,,,,,,,,,,,,,
FitnessValue,,,,,,,,,,,,,,,,,,,,,,,,,,,,,,,,,,,,,,,,,,,,,,,,,,,,,,,,,,,,,,,,,,,,,,,,,,,,,,,,,,,,,,,,,,,,,,,,,,,,
