,0,1,2,3,4,5,6,7,8,9,10,11,12,13,14,15,16,17,18,19,20,21,22,23,24,25,26,27,28,29,30,31,32,33,34,35,36,37,38,39,40,41,42,43,44,45,46,47,48,49,50,51,52,53,54,55,56,57,58,59,60,61,62,63,64,65,66,67,68,69,70,71,72,73,74,75,76,77,78,79,80,81,82,83,84,85,86,87,88,89,90,91,92,93,94,95,96,97,98,99
Weights_1,0.5793996432528065,0.8916977266331272,0.9703154726570219,0.29043885213168785,0.407305516286408,0.9480365341637039,0.8654995389738378,0.7815799817154959,0.97646183994741,0.7653701471588882,0.2933158465678427,0.7946436769007265,0.8810669766501299,0.8113523770596494,0.5645575880880903,0.6091084591460165,0.47699858559936137,0.03310360564029702,0.11487354961723384,0.21703437076674448,0.7734467406895196,0.36354071204833005,0.4686200393690033,0.5470244062786679,0.9884899820101558,0.13810305288622915,0.10309007402069914,0.716824069073714,0.790945720911576,0.9880885060079946,0.7123644448284482,0.40467600304156004,0.22661014649286848,0.4985122680377866,0.8767940388990647,0.5085895509467638,0.06083247624764854,0.5056555196461368,0.49718998403013426,0.46099091729928576,0.15040229915808045,0.0020836662141756612,0.8329691706497193,0.5451041357988474,0.8157909184685119,0.7247311444542534,0.989747930127426,0.3295142708167581,0.03212231274835042,0.9243066930746568,0.619341376861292,0.9176891229075325,0.310394038910885,0.6292920365838739,0.861145944197815,0.4260926060520639,0.8515050239660865,0.09511456146306463,0.8048555356387864,0.5152425351057488,0.31248243597582714,0.6709833829305496,0.42832361584033574,0.5506320234554648,0.12807276454823147,0.4156199882242967,0.8093092486474407,0.5918413458416275,0.8900005211552978,0.37622838937899583,0.5227395247306367,0.852049102258015,0.7646391602945255,0.9422180550373247,0.26519287206414865,0.8335990530076224,0.3262684298172972,0.21614414042636365,0.5077181964094878,0.6991741840822072,0.034473823822885774,0.7319115819834462,0.5809619366311414,0.46145830218446804,0.672406385673117,0.04574480447757656,0.25652180132287317,0.3416004072598282,0.5396426058094219,0.2962390135582921,0.6883221192258671,0.13008373683520047,0.20734831795824382,0.7165009985005998,0.6850416181821283,0.08226904350565323,0.854183551648516,0.9085289890316439,0.06408743402190864,0.7429922971320893
Biases_1,0.0030622491955412112,0.6877680434221762,0.30532935523999705,0.71435303560008,0.6110686995410218,0.01229078979976983,0.6681868829420311,0.4922653971769776,0.5075946563189823,0.7066244799568295,,,,,,,,,,,,,,,,,,,,,,,,,,,,,,,,,,,,,,,,,,,,,,,,,,,,,,,,,,,,,,,,,,,,,,,,,,,,,,,,,,,,,,,,,,
Weights_2,0.34943546391898506,0.7738800965177379,0.8101979444391735,0.6149240942634987,0.10177151244832228,0.19150473879896956,0.6342598818584612,0.15386821154380304,0.046205129413461554,0.09626512788051211,0.0231212824213336,0.1648547995123527,0.5449624046124575,0.6337444237144578,0.2182450464181439,0.07792218365178749,0.17796201262250377,0.5563435184679372,0.3559019970070785,0.5583666703980751,0.12261106577638958,0.12329230106085942,0.11973382387107312,0.4931620584194153,0.5921601648599993,0.31295724954189874,0.6896740274451988,0.9430907098649489,0.7376930892169044,0.21494582479104407,0.19273377556535476,0.2876528067097738,0.8083545501544105,0.9219241698758194,0.6036480814250711,0.30331032658717927,0.4641299497015202,0.13406241605527114,0.44384688542852213,0.031182074463894427,0.3430663632372307,0.7615843938600254,0.6490716992026712,0.3409646618836921,0.446386840158019,0.561082444924273,0.08996672516840276,0.39037235324784025,0.19622344468207387,0.10488839791084281,0.7782994790539146,0.7900405079677489,0.6676899254175012,0.5027830502217683,0.25400758211731356,0.8535721160264513,0.9184513605300252,0.6118301834168686,0.5891494093007402,0.6276202888714042,0.006019241920152352,0.0733476647914143,0.20830696483085354,0.9836692662522495,0.5493656322613771,0.5868291269188907,0.6729624257805499,0.10415659499772911,0.7697363511113662,0.4629425023636411,,,,,,,,,,,,,,,,,,,,,,,,,,,,,,
Biases_2,0.2769145501643725,0.9610228758961828,0.24996618100674506,0.5644305014587346,0.2943908634241009,0.6176263810734839,0.5205059542946862,,,,,,,,,,,,,,,,,,,,,,,,,,,,,,,,,,,,,,,,,,,,,,,,,,,,,,,,,,,,,,,,,,,,,,,,,,,,,,,,,,,,,,,,,,,,,
Weights_3,0.7111656768733519,0.10270352165439611,0.0923273229554139,0.5941891634586572,0.002869875794276555,0.7459752076977842,0.21649313333876719,0.13762289595075305,0.05370796059275962,0.8787013177560803,0.9315612438114229,0.9464144043949708,0.5332498408279482,0.4922026526540054,0.09457841526371769,0.2704813007615158,0.9368012103775647,0.6156048334527319,0.9350482672739423,0.33039088912143744,0.872284257013639,0.5235098585855428,0.38178812915201243,0.3989084415405898,0.9331176792317123,0.45201855336438335,0.5714357741720519,0.7904946131289065,0.8091650666141417,0.5261916064810366,0.403965087854104,0.19077483934488326,0.09372008515469521,0.09253778479774499,0.1326252550092264,,,,,,,,,,,,,,,,,,,,,,,,,,,,,,,,,,,,,,,,,,,,,,,,,,,,,,,,,,,,,,,,,
Biases_3,0.6451985578923015,0.9509950416335331,0.535596870753641,0.4502073982631609,0.6014288702371863,,,,,,,,,,,,,,,,,,,,,,,,,,,,,,,,,,,,,,,,,,,,,,,,,,,,,,,,,,,,,,,,,,,,,,,,,,,,,,,,,,,,,,,,,,,,,,,
Weights_4,0.4106373143118084,0.6884546394736449,0.5447859384229882,0.45096961881116027,0.05225765257547177,0.1497196018041287,0.7552263771507983,0.7672901876427319,0.423022227076294,0.7450188554043091,0.914782745889563,0.12385271714727975,0.9190199463541552,0.10338855093309185,0.5207380355866679,,,,,,,,,,,,,,,,,,,,,,,,,,,,,,,,,,,,,,,,,,,,,,,,,,,,,,,,,,,,,,,,,,,,,,,,,,,,,,,,,,,,,
Biases_4,0.49347446359224734,0.11508274937511198,0.6669433146732103,,,,,,,,,,,,,,,,,,,,,,,,,,,,,,,,,,,,,,,,,,,,,,,,,,,,,,,,,,,,,,,,,,,,,,,,,,,,,,,,,,,,,,,,,,,,,,,,,
Weights_5,0.23663490347447158,0.7241190655688532,0.7060513191650107,0.8366180980122769,0.6411390533538306,0.16929609580752503,,,,,,,,,,,,,,,,,,,,,,,,,,,,,,,,,,,,,,,,,,,,,,,,,,,,,,,,,,,,,,,,,,,,,,,,,,,,,,,,,,,,,,,,,,,,,,
FitnessValue,,,,,,,,,,,,,,,,,,,,,,,,,,,,,,,,,,,,,,,,,,,,,,,,,,,,,,,,,,,,,,,,,,,,,,,,,,,,,,,,,,,,,,,,,,,,,,,,,,,,
