,0,1,2,3,4,5,6,7,8,9,10,11,12,13,14,15,16,17,18,19,20,21,22,23,24,25,26,27,28,29,30,31,32,33,34,35,36,37,38,39,40,41,42,43,44,45,46,47,48,49,50,51,52,53,54,55,56,57,58,59,60,61,62,63,64,65,66,67,68,69,70,71,72,73,74,75,76,77,78,79,80,81,82,83,84,85,86,87,88,89,90,91,92,93,94,95,96,97,98,99
Weights_1,0.9918700444621232,0.30565029732895077,0.3255619669697323,0.5919451418890856,0.8017698977148305,0.26946729059946917,0.9652286882315165,0.0891947403633464,0.8632749431419021,0.32474107737209057,0.7332638474109332,0.9851860826998712,0.9553214593491444,0.4285837312769194,0.6387340521742915,0.473717431424864,0.7001341131758301,0.7810880150327122,0.470707832415005,0.8673125318430053,0.026857903692985574,0.38631859046153816,0.22144627430570585,0.5468230844980208,0.16661153478199875,0.1464710107898618,0.5094843208675776,0.035332703101061846,0.4598889848746419,0.44038763905513867,0.15849889606593182,0.9071898606467975,0.23635524357458626,0.014260836530183507,0.0851038773442433,0.7519084538275888,0.29854863877568694,0.8201720234694978,0.9933958247064782,0.46930052680291856,0.6165786346016185,0.9563737320522516,0.8680294237683024,0.7136880826030367,0.42281481401172094,0.382694007091148,0.4553871401000198,0.3860131831477006,0.29920210564834937,0.7130641583553842,0.10356914464665523,0.5394711979315792,0.36587539174280925,0.6412788523831319,0.6455422881557512,0.3280869132975135,0.4932079639079724,0.2277295481869217,0.1279449257766262,0.5018053823250305,0.16415819006301902,0.7975296845288253,0.11664845495540455,0.7129580039577961,0.8281572175621736,0.2191621798856731,0.8872011656446399,0.340190731826273,0.8682496952882637,0.10381902872056059,0.13091522052869908,0.6708409577621341,0.7968348020500894,0.5651744101357936,0.8534332122301663,0.9735629324013155,0.9106860222507408,0.8550739778429687,0.348116749431602,0.440425187565593,0.7046273217267449,0.30854907006698107,0.7200167073331256,0.628915088691332,0.4768317205592034,0.74537307132002,0.3283970787683106,0.19873267443293652,0.37376897126004804,0.4700329265168731,0.30247566404753445,0.7892528744351921,0.8701192773515324,0.12814711254671463,0.6874673185335801,0.015902352459333136,0.022296965546238612,0.1959245773114071,0.5261833118853431,0.6139937647726567
Biases_1,0.011719062928615687,0.11034004391398489,0.19374596748464668,0.6008422768334363,0.6195270569915661,0.6871833938780869,0.04339418438579723,0.8019846396295516,0.9725995184196894,0.7613547507667916,,,,,,,,,,,,,,,,,,,,,,,,,,,,,,,,,,,,,,,,,,,,,,,,,,,,,,,,,,,,,,,,,,,,,,,,,,,,,,,,,,,,,,,,,,
Weights_2,0.8245985017241345,0.8491711579180848,0.17024938407072732,0.7765343341748291,0.5504698075546025,0.9085845720693065,0.6596996624977544,0.5065968598417512,0.141966530026836,0.7646920383476191,0.8644583906071611,0.7257225168017147,0.9815169908000613,0.49136724236296203,0.3624192150952944,0.4189437609941111,0.642488475492816,0.8329183918163695,0.04739860776117433,0.49717419477288993,0.5340681883383915,0.8768962483167313,0.8359859521981092,0.8399640236466905,0.8821873242088923,0.2960866460377375,0.8976892960482763,0.589611070904302,0.1835077594880311,0.6395621069126896,0.4402960958127514,0.22004168017554004,0.9305598899718109,0.20909041601053535,0.04876150369999466,0.3842026721136985,0.21374429395605066,0.1824749748493617,0.761106215791728,0.6794157214840465,0.5728943570455239,0.40555973596856576,0.678276377278318,0.11633804575531259,0.2881152770231096,0.8806023205862378,0.23133171309379486,0.5351297828176697,0.6784614555088412,0.41240129758553,0.16454000838902616,0.04337148454602335,0.5496238080131342,0.6229279797092369,0.36800925293259146,0.19407011978163247,0.9516466178678905,0.9017119275047517,0.2586436124955118,0.6862813530513416,0.4173940678715409,0.6605999549217219,0.732284661791832,0.664914577597014,0.6289281335376207,0.7676870596349514,0.11156612185500248,0.2890134328668177,0.3165968687406119,0.4864320801812849,,,,,,,,,,,,,,,,,,,,,,,,,,,,,,
Biases_2,0.4123965294456947,0.6457687113169986,0.32636016761741826,0.5396238475136204,0.6596552740866498,0.7316028440772306,0.4054459632297819,,,,,,,,,,,,,,,,,,,,,,,,,,,,,,,,,,,,,,,,,,,,,,,,,,,,,,,,,,,,,,,,,,,,,,,,,,,,,,,,,,,,,,,,,,,,,
Weights_3,0.6003663600497112,0.17522793118952995,0.43645848132507814,0.12651956311721269,0.0913630930485626,0.5442867070474589,0.8083139845288828,0.6094110023892471,0.9246661711104097,0.7025765363209439,0.9183608696526265,0.9727841965158086,0.7757333660712791,0.8441201476365722,0.436851193675425,0.5225074301361613,0.3334118426343795,0.4104816215173286,0.1034721223340418,0.42608621912261946,0.9518518668708802,0.49923197082146253,0.287521691137161,0.9417775718643707,0.06628357096083004,0.3428463303553052,0.11426747301574536,0.8244750982341787,0.886633234151569,0.5399022807608224,0.9814812558160814,0.21658911236250356,0.26346317293371335,0.12805052204216993,0.9696233364037312,,,,,,,,,,,,,,,,,,,,,,,,,,,,,,,,,,,,,,,,,,,,,,,,,,,,,,,,,,,,,,,,,
Biases_3,0.8755566982823247,0.7599565756374271,0.34740526862739973,0.3658994912986272,0.152590969457033,,,,,,,,,,,,,,,,,,,,,,,,,,,,,,,,,,,,,,,,,,,,,,,,,,,,,,,,,,,,,,,,,,,,,,,,,,,,,,,,,,,,,,,,,,,,,,,
Weights_4,0.22387498629641045,0.1727763526344679,0.3583415572425226,0.7933463560658087,0.03677067184911975,0.07178733721333885,0.7715575640849572,0.5448830797352843,0.592230192554002,0.3112640283482213,0.009539580764592714,0.7182714313347407,0.6389881974928429,0.4742325476852557,0.5289790253027357,,,,,,,,,,,,,,,,,,,,,,,,,,,,,,,,,,,,,,,,,,,,,,,,,,,,,,,,,,,,,,,,,,,,,,,,,,,,,,,,,,,,,
Biases_4,0.7225003868016481,0.8552062278186304,0.8849288998108649,,,,,,,,,,,,,,,,,,,,,,,,,,,,,,,,,,,,,,,,,,,,,,,,,,,,,,,,,,,,,,,,,,,,,,,,,,,,,,,,,,,,,,,,,,,,,,,,,
Weights_5,0.7563503951039879,0.06152603164330084,0.41309403991070437,0.24876833003452914,0.1428792006027647,0.27741322786976697,,,,,,,,,,,,,,,,,,,,,,,,,,,,,,,,,,,,,,,,,,,,,,,,,,,,,,,,,,,,,,,,,,,,,,,,,,,,,,,,,,,,,,,,,,,,,,
FitnessValue,,,,,,,,,,,,,,,,,,,,,,,,,,,,,,,,,,,,,,,,,,,,,,,,,,,,,,,,,,,,,,,,,,,,,,,,,,,,,,,,,,,,,,,,,,,,,,,,,,,,
