,0,1,2,3,4,5,6,7,8,9,10,11,12,13,14,15,16,17,18,19,20,21,22,23,24,25,26,27,28,29,30,31,32,33,34,35,36,37,38,39,40,41,42,43,44,45,46,47,48,49,50,51,52,53,54,55,56,57,58,59,60,61,62,63,64,65,66,67,68,69,70,71,72,73,74,75,76,77,78,79,80,81,82,83,84,85,86,87,88,89,90,91,92,93,94,95,96,97,98,99
Weights_1,0.7596423782325273,0.5233348732575465,0.5236046145653883,0.5389068582387708,0.18884836984343334,0.39153868370855316,0.2823663374275732,0.15738851574372492,0.7799018135118685,0.34517081724581433,0.6336397984956467,0.5473701448426186,0.5701994950818,0.7175468308022401,0.06181831684081851,0.3598546458242191,0.47046623358726014,0.4002172788414302,0.18595291543172598,0.640538435119613,0.7068559131824707,0.2148963142642457,0.6523425244812027,0.0909221448807892,0.4759136365237968,0.20212097437573984,0.8916237283521549,0.09932340367592185,0.30737118200858804,0.28692175446626156,0.10358162176527852,0.3463949266120485,0.333805513492475,0.3701091155616607,0.6443591287019192,0.4131878213079503,0.7212489071995958,0.0035432845434713034,0.39145905941882286,0.15140217195857564,0.04270387546546062,0.8483451680221064,0.4899771261122434,0.9539605644988659,0.7304520542066741,0.9137348487162024,0.9528784933782998,0.5210891614632962,0.37188392349330046,0.3714937499069647,0.7164402611226026,0.01254736004034862,0.15686202182065623,0.876334962141841,0.3796412500998083,0.9702855971627368,0.39161068293193557,0.05480980932675561,0.4726552218371236,0.6820996177655251,0.24482969734115068,0.02414010667666766,0.38203976649450877,0.9670239723936827,0.65309249212222,0.3292584193892164,0.4295186045584388,0.1110616928264595,0.8394348626398153,0.8107677111067536,0.8438873868298188,0.49826018787900794,0.46458908170221525,0.605600140120906,0.17385527254010658,0.13551851144252836,0.35368090891141746,0.09727411872861824,0.6165618833051798,0.7030971759411214,0.5894595796125276,0.7786908559224232,0.6254196118273014,0.21981104670783314,0.87637841814148,0.34860082586377006,0.9070380509527518,0.6358200043112882,0.03279465715951613,0.1118095652881601,0.24567011693261176,0.2486599918160165,0.10876321773903863,0.28032630545635895,0.6770379671336575,0.6014324159274615,0.25713774945357537,0.034914618514505946,0.8062523617470498,0.2480945793531485
Biases_1,0.5236829456484502,0.6406866816553061,0.0009047608964111165,0.6238852789548394,0.8752379536277582,0.27123494857430597,0.08107436443912475,0.30291046219636864,0.8683211061095437,0.3093332478280282,,,,,,,,,,,,,,,,,,,,,,,,,,,,,,,,,,,,,,,,,,,,,,,,,,,,,,,,,,,,,,,,,,,,,,,,,,,,,,,,,,,,,,,,,,
Weights_2,0.14941503778995457,0.17709903570401286,0.7621957098135124,0.1814563269293339,0.1745309977581717,0.8698802261979259,0.5775590320154359,0.17218180315443588,0.532132814466168,0.23444385706139326,0.8452375727347076,0.6585421028099874,0.39241725916615655,0.8331941055871027,0.36266446997188695,0.20692795224655447,0.960296026352046,0.13024643654238233,0.5981364897332171,0.9154172622803206,0.37542075496278005,0.908361708670464,0.5896074186787434,0.23200156732833555,0.180276382871844,0.29412966198429935,0.8480852792489039,0.07653943290643417,0.7058005162982043,0.3347115105721844,0.16684393945632436,0.5748572672000668,0.24331753752375118,0.33557146147856265,0.04339268017341036,0.9535220450996289,0.08238405878698163,0.5542856703104878,0.9590045081522915,0.7697467135194161,0.4605271897444887,0.11901414018701983,0.6679758916349577,0.6369000071664357,0.4827650778992938,0.6968232701677095,0.6981476707316573,0.3357496521098512,0.15036173998018743,0.7875870861918891,0.4228978963991712,0.38395285971922233,0.7733614680586972,0.5536561525792885,0.5664009836562076,0.13664658286691556,0.1614557805479211,0.8713555031118335,0.6346463207074888,0.8420259875770807,0.09881398876801506,0.8794860273763164,0.9059589917620913,0.9245932975253345,0.35729919651160413,0.49450555687510733,0.8068073443061533,0.8689705936922856,0.6952822318825191,0.9852960674233684,,,,,,,,,,,,,,,,,,,,,,,,,,,,,,
Biases_2,0.762910108889386,0.7037730315565659,0.33664300181638696,0.04791720894497631,0.1630560172485639,0.11115164291276947,0.7905799627567134,,,,,,,,,,,,,,,,,,,,,,,,,,,,,,,,,,,,,,,,,,,,,,,,,,,,,,,,,,,,,,,,,,,,,,,,,,,,,,,,,,,,,,,,,,,,,
Weights_3,0.39793016362806855,0.03674277533664039,0.8018156886042117,0.8810886615736708,0.932482875233244,0.7793048120871032,0.9584192926686342,0.15859424525488663,0.5120485616552505,0.37688225074227866,0.6972972370672492,0.9932188122005055,0.4222856283059466,0.4318200249573373,0.7524372569893489,0.9247117895919134,0.2783071379633323,0.23348523753979544,0.662137983218405,0.5632856631072909,0.22507195115674783,0.06070604683076197,0.2900757692882211,0.30506011135565936,0.921479692603553,0.17271581033631211,0.48705173024138226,0.29733154174013676,0.9153351354144116,0.3761971707003601,0.07792322636231197,0.592638790294496,0.28603752617465317,0.40687338108787197,0.5681752172398468,,,,,,,,,,,,,,,,,,,,,,,,,,,,,,,,,,,,,,,,,,,,,,,,,,,,,,,,,,,,,,,,,
Biases_3,0.27963140381812024,0.49003920859456096,0.40509855877777357,0.8834087014362567,0.5560904693064347,,,,,,,,,,,,,,,,,,,,,,,,,,,,,,,,,,,,,,,,,,,,,,,,,,,,,,,,,,,,,,,,,,,,,,,,,,,,,,,,,,,,,,,,,,,,,,,
Weights_4,0.27824738364962576,0.749091541337795,0.1102150788864894,0.5556376886456209,0.05355257964915927,0.7014095438731603,0.015889227867530775,0.5521866770077439,0.8220765100471983,0.8605499012938921,0.6666451944046901,0.5000198632255158,0.47906217578360655,0.32846112191724,0.43063622283286085,,,,,,,,,,,,,,,,,,,,,,,,,,,,,,,,,,,,,,,,,,,,,,,,,,,,,,,,,,,,,,,,,,,,,,,,,,,,,,,,,,,,,
Biases_4,0.3227830831568772,0.8079815343680324,0.919324364054108,,,,,,,,,,,,,,,,,,,,,,,,,,,,,,,,,,,,,,,,,,,,,,,,,,,,,,,,,,,,,,,,,,,,,,,,,,,,,,,,,,,,,,,,,,,,,,,,,
Weights_5,0.5269140729346569,0.32576302523903433,0.17331990508639883,0.15575556192467988,0.547848508180738,0.25716731820280614,,,,,,,,,,,,,,,,,,,,,,,,,,,,,,,,,,,,,,,,,,,,,,,,,,,,,,,,,,,,,,,,,,,,,,,,,,,,,,,,,,,,,,,,,,,,,,
FitnessValue,,,,,,,,,,,,,,,,,,,,,,,,,,,,,,,,,,,,,,,,,,,,,,,,,,,,,,,,,,,,,,,,,,,,,,,,,,,,,,,,,,,,,,,,,,,,,,,,,,,,
