,0,1,2,3,4,5,6,7,8,9,10,11,12,13,14,15,16,17,18,19,20,21,22,23,24,25,26,27,28,29,30,31,32,33,34,35,36,37,38,39,40,41,42,43,44,45,46,47,48,49,50,51,52,53,54,55,56,57,58,59,60,61,62,63,64,65,66,67,68,69,70,71,72,73,74,75,76,77,78,79,80,81,82,83,84,85,86,87,88,89,90,91,92,93,94,95,96,97,98,99
Weights_1,0.04964374782116887,0.9428384482177329,0.6878870642844016,0.46695822550431776,0.8121760801539736,0.856025294887921,0.31458731457275324,0.9985422157858103,0.8957394636407764,0.2695741609519371,0.18025419790361075,0.06095963249990277,0.5973197119078635,0.2207139309989795,0.2515359992744546,0.2030670194239177,0.5701621526365548,0.6549849674762764,0.6553354521864293,0.49158140924511107,0.710360384191069,0.9436252879120307,0.7742729287509675,0.8163606892866315,0.17748282681401994,0.5491114333688106,0.3228989096357645,0.4089994566573901,0.0032093591795633314,0.9133223125209379,0.6902111318575891,0.8819050266437608,0.7840648676136812,0.9667867503889929,0.9302795900883051,0.7720938614269135,0.5102799015088311,0.10092890689763367,0.695368036509855,0.09801479724529938,0.173708378542348,0.7424018004805468,0.5694282240565913,0.3098286789216992,0.6242063310763043,0.03493472206795911,0.8480951794942989,0.9917181912442892,0.6774245115111887,0.4082450205433851,0.6726687986724917,0.9298691062167235,0.38121041983268866,0.3144017242987551,0.5924507215141414,0.12358400520892632,0.422541038343781,0.4366464854971528,0.3568832476646261,0.1743917924011359,0.16940271654764483,0.9898512184729888,0.5559932726103707,0.8482062351952553,0.7505105172991492,0.8376312536909051,0.6423077821849886,0.3556065494956685,0.09116136931620678,0.3596386960892154,0.7701630680948983,0.04984906144523493,0.651180242457863,0.6030023588456583,0.3484249887104841,0.2224273049974662,0.2729167599343968,0.20192507321698772,0.6070899578740896,0.6249041105733238,0.7688896390511015,0.9731001682298245,0.5797240015753208,0.7460825816520784,0.49560827643789696,0.7038053367046121,0.2293194983213268,0.7050990102711,0.07399761781127645,0.7223690795467865,0.6956507057470368,0.5163855052609538,0.1326908641185779,0.39443032406457446,0.23586209176942452,0.07038753560078403,0.25063304193091673,0.9026338999904566,0.22033162746562207,0.3814497385655402
Biases_1,0.3785905706773993,0.20596837202011808,0.01368149117350459,0.1017830329125774,0.427529779160975,0.14897786049942585,0.4324821989065806,0.011722713807660212,0.07591845465405678,0.9246124908980473,,,,,,,,,,,,,,,,,,,,,,,,,,,,,,,,,,,,,,,,,,,,,,,,,,,,,,,,,,,,,,,,,,,,,,,,,,,,,,,,,,,,,,,,,,
Weights_2,0.2838843373487384,0.995258266705317,0.11817223595470516,0.4426085666819142,0.6376157410636486,0.219407384245639,0.48472694125976146,0.2965545291402272,0.4674211850598321,0.8345280348543569,0.21120152465361652,0.625260699702378,0.05340855082575657,0.7489523974375993,0.4620241269491451,0.7489156636339602,0.5347806947163635,0.041126575274146315,0.014997629434368442,0.46573515858610703,0.4100198041099624,0.9138985696866248,0.8260545386072269,0.7649827920412627,0.6020221242846963,0.5431464880312058,0.32888970389666383,0.2298759838604627,0.573097808926466,0.5719570098990486,0.04683266499601435,0.5029941405631722,0.8046357239152063,0.6472959410561476,0.5730467052844179,0.4636138093857298,0.28197049341306213,0.9710418862478657,0.49264201795462037,0.5006471800298155,0.39859731431791157,0.2819140567945617,0.5536491926097293,0.6136529017996853,0.08107280998839406,0.02145562029625392,0.08103853440720343,0.8136221064827355,0.2610229950630252,0.23045458874139046,0.09257176610082085,0.9541245956873675,0.156858254818251,0.28857679619578436,0.5946724781861369,0.5534990676171408,0.20856069150331902,0.5955210152799674,0.6977111263181334,0.783796390357976,0.6280766828367417,0.6576252005037447,0.29419961313838516,0.12618508344809887,0.2512851187996398,0.6006890689089456,0.4791019009103966,0.4430976420690067,0.9081049255224217,0.02975678721240127,,,,,,,,,,,,,,,,,,,,,,,,,,,,,,
Biases_2,0.6450679419015725,0.5804677331280005,0.1306324439129839,0.8076706571465366,0.8363911420451426,0.251494778641455,0.43540510785664166,,,,,,,,,,,,,,,,,,,,,,,,,,,,,,,,,,,,,,,,,,,,,,,,,,,,,,,,,,,,,,,,,,,,,,,,,,,,,,,,,,,,,,,,,,,,,
Weights_3,0.04049878307466659,0.24348937800917647,0.30522963272885206,0.24960138029456302,0.32015754203054225,0.8015380640563281,0.44509413030209,0.4102544149744418,0.08227986639589357,0.4688978937932867,0.6898271640225859,0.47540425979712586,0.2003523729400517,0.7087752862180824,0.2892368940071377,0.6359653872555591,0.9661625745824153,0.2742395537496414,0.2883928157865383,0.3311860242229695,0.026798193585854335,0.5561023375660308,0.8455330157639487,0.09889418000064876,0.39630214926675555,0.14424981349755162,0.04532286609753322,0.6759128650943147,0.4187467250159318,0.7736429378333388,0.7345960347828464,0.29053709265994376,0.4511612902793475,0.5444663922233006,0.2737056974548716,,,,,,,,,,,,,,,,,,,,,,,,,,,,,,,,,,,,,,,,,,,,,,,,,,,,,,,,,,,,,,,,,
Biases_3,0.2357973790734641,0.48481070429769024,0.43477255271423465,0.5399487118163798,0.9860872435365624,,,,,,,,,,,,,,,,,,,,,,,,,,,,,,,,,,,,,,,,,,,,,,,,,,,,,,,,,,,,,,,,,,,,,,,,,,,,,,,,,,,,,,,,,,,,,,,
Weights_4,0.12149078890568576,0.6086918098808238,0.8911155826811653,0.6730232607228221,0.2064554821870772,0.9415618386434177,0.8088822183501487,0.11254886438908007,0.8610738771634255,0.4863222817240431,0.0386557404547041,0.6605485371696731,0.48602353445023716,0.07453850703569298,0.2922656178901385,,,,,,,,,,,,,,,,,,,,,,,,,,,,,,,,,,,,,,,,,,,,,,,,,,,,,,,,,,,,,,,,,,,,,,,,,,,,,,,,,,,,,
Biases_4,0.12396864514297712,0.8957524330149784,0.33492536483138646,,,,,,,,,,,,,,,,,,,,,,,,,,,,,,,,,,,,,,,,,,,,,,,,,,,,,,,,,,,,,,,,,,,,,,,,,,,,,,,,,,,,,,,,,,,,,,,,,
Weights_5,0.5282060778629986,0.24508189141936565,0.5765128460719592,0.6288403544626545,0.502710402413445,0.7961590501437512,,,,,,,,,,,,,,,,,,,,,,,,,,,,,,,,,,,,,,,,,,,,,,,,,,,,,,,,,,,,,,,,,,,,,,,,,,,,,,,,,,,,,,,,,,,,,,
FitnessValue,,,,,,,,,,,,,,,,,,,,,,,,,,,,,,,,,,,,,,,,,,,,,,,,,,,,,,,,,,,,,,,,,,,,,,,,,,,,,,,,,,,,,,,,,,,,,,,,,,,,
