,0,1,2,3,4,5,6,7,8,9,10,11,12,13,14,15,16,17,18,19,20,21,22,23,24,25,26,27,28,29,30,31,32,33,34,35,36,37,38,39,40,41,42,43,44,45,46,47,48,49,50,51,52,53,54,55,56,57,58,59,60,61,62,63,64,65,66,67,68,69,70,71,72,73,74,75,76,77,78,79,80,81,82,83,84,85,86,87,88,89,90,91,92,93,94,95,96,97,98,99
Weights_1,0.534118722904964,0.6724054904019712,0.6531480736957894,0.3593370066924393,0.6980186544163814,0.6839587404745436,0.966585263470095,0.8345240596800019,0.89848872585429,0.9473137904746012,0.6363057197955506,0.17664937789634427,0.22492880977274743,0.9034396724437899,0.40915291961824507,0.016684166819828428,0.08069889975508282,0.9550243722255078,0.4966577556372648,0.6325667886212282,0.6946481087482744,0.4008187221580414,0.2978796517444646,0.8974689122683376,0.16821647722932853,0.5310495185442174,0.6091183887411732,0.1298389763261414,0.3287760340859601,0.4428555238654721,0.9158504892187468,0.712439140737943,0.38339052130259277,0.7319889705726423,0.2432881157398088,0.6121328955080105,0.43935395166740676,0.17804199537407084,0.6056852118627847,0.8046323235365656,0.23372678372049482,0.5443436205942223,0.41071781963972886,0.23640327735695044,0.8859672114067015,0.148296340883603,0.9246272873766544,0.457673935195805,0.1544315880210405,0.9425299946107154,0.5442413624172134,0.30636287562951947,0.9291631907773266,0.48797345389007707,0.8773067907771379,0.2649195813313455,0.8316064809574475,0.5591583065173118,0.7766558732420445,0.9441236731634616,0.40045109884691776,0.965134922006277,0.7434933751217646,0.11038003178082212,0.651103718909892,0.09984171391359353,0.8602323984816224,0.8232457632812873,0.622474137108681,0.6948814049559152,0.6529216164709994,0.9825209562210828,0.15121959247936922,0.7916028917415648,0.2393116012523966,0.5176342155993159,0.5709981748822434,0.022855227029178193,0.9973799667304571,0.22099889889799695,0.2971838932798433,0.5966661052120671,0.9126612805802167,0.6958658153553445,0.2052467899363528,0.6185865233601543,0.6200686892243945,0.8314851258596244,0.9627448095205331,0.04018520676186965,0.019943825373086366,0.5988729500162883,0.008268279421232871,0.8343155708097174,0.3341118108159066,0.4179695319205017,0.8684045185385002,0.6843737980375747,0.899112855186637,0.508737525181968
Biases_1,0.9558412038890163,0.4093867044450017,0.41671000166558914,0.17960537682482536,0.7456240840683466,0.9232019774024128,0.3912841798600176,0.8657756136615721,0.3685157703951154,0.28634306086197203,,,,,,,,,,,,,,,,,,,,,,,,,,,,,,,,,,,,,,,,,,,,,,,,,,,,,,,,,,,,,,,,,,,,,,,,,,,,,,,,,,,,,,,,,,
Weights_2,0.9207077853284232,0.5553783867237396,0.9859113391144969,0.8418137292782636,0.1344908989692254,0.49398042230127537,0.23284932856537466,0.8228515845863408,0.4521548293369606,0.17272265899803552,0.9289001106171855,0.24090875136148004,0.8636385336738703,0.995374396792556,0.7021472836172048,0.4758370759179119,0.06419752969984605,0.6938954104027848,0.8563793225145594,0.9904540039663386,0.8033307177462401,0.030774066867509164,0.16442867153839769,0.7944708991733679,0.039750609897442835,0.2664414241230235,0.23139083312768516,0.39399334305998157,0.0646769753737243,0.5182683332435216,0.5025218442345398,0.054275243431606834,0.5732243031056332,0.4954441711031333,0.585763884895392,0.37172562625369243,0.06448628721556837,0.40333902114128994,0.516632612096939,0.682604261538616,0.09460589185903823,0.9744716408390268,0.0369786750540515,0.30123743753459287,0.58006998067427,0.8260498274898096,0.9450270609203874,0.21047998380001842,0.8311167457242177,0.5277419666062266,0.8642063283119493,0.5465483961093696,0.1071084633134427,0.13130656868495827,0.34942247068790877,0.18970214430666643,0.5033872212089889,0.48485604982789465,0.8764079427684833,0.0212033550740498,0.35732448296142405,0.5251025363612684,0.6272499701413148,0.7551802034229316,0.7996930369497701,0.7438202421684282,0.7644981482171368,0.9951976754429854,0.8614431247539053,0.1974126669182673,,,,,,,,,,,,,,,,,,,,,,,,,,,,,,
Biases_2,0.03562897986408675,0.43403770289408383,0.8274791735113464,0.7377224113571206,0.5117719124852109,0.6193669267104289,0.4463218322960919,,,,,,,,,,,,,,,,,,,,,,,,,,,,,,,,,,,,,,,,,,,,,,,,,,,,,,,,,,,,,,,,,,,,,,,,,,,,,,,,,,,,,,,,,,,,,
Weights_3,0.05971037693772274,0.28042071157661386,0.22894562078104297,0.18509805799821089,0.1745374176595268,0.8209745047302422,0.8691911074614039,0.5207070719081532,0.030724420260143992,0.014623812189534457,0.991492975163932,0.30712170988483667,0.8123831500166953,0.9554174522752904,0.8216704928899611,0.7386792633533947,0.16209120984134273,0.6096380870316045,0.9087279658597777,0.7964774515259279,0.052811992141731046,0.42280692094311334,0.09164467219573236,0.1887858456158108,0.2968039933596708,0.06007213153189439,0.5813157957233314,0.5813227674721727,0.8457352914229499,0.9229773344581285,0.18232863907901742,0.39914134897229114,0.9039312951518647,0.5341725148889307,0.040643434564781145,,,,,,,,,,,,,,,,,,,,,,,,,,,,,,,,,,,,,,,,,,,,,,,,,,,,,,,,,,,,,,,,,
Biases_3,0.5967350162760724,0.8042932638778136,0.9218104323531352,0.5040048917982954,0.9698892971460383,,,,,,,,,,,,,,,,,,,,,,,,,,,,,,,,,,,,,,,,,,,,,,,,,,,,,,,,,,,,,,,,,,,,,,,,,,,,,,,,,,,,,,,,,,,,,,,
Weights_4,0.7599670982422468,0.8627443263875866,0.8943745395829815,0.7510476263325284,0.0009928205991146521,0.16706221468034654,0.7757426843278833,0.5189339597207526,0.009974195132850139,0.3533944337416691,0.45565210274821144,0.9014233989968298,0.2279238524507311,0.9261205247088478,0.48396569489988617,,,,,,,,,,,,,,,,,,,,,,,,,,,,,,,,,,,,,,,,,,,,,,,,,,,,,,,,,,,,,,,,,,,,,,,,,,,,,,,,,,,,,
Biases_4,0.5448691953248812,0.505200964497955,0.800110596987034,,,,,,,,,,,,,,,,,,,,,,,,,,,,,,,,,,,,,,,,,,,,,,,,,,,,,,,,,,,,,,,,,,,,,,,,,,,,,,,,,,,,,,,,,,,,,,,,,
Weights_5,0.5259633512637768,0.8914913970707309,0.5927277511739308,0.47910646012644575,0.4006091793710802,0.7618723925904323,,,,,,,,,,,,,,,,,,,,,,,,,,,,,,,,,,,,,,,,,,,,,,,,,,,,,,,,,,,,,,,,,,,,,,,,,,,,,,,,,,,,,,,,,,,,,,
FitnessValue,,,,,,,,,,,,,,,,,,,,,,,,,,,,,,,,,,,,,,,,,,,,,,,,,,,,,,,,,,,,,,,,,,,,,,,,,,,,,,,,,,,,,,,,,,,,,,,,,,,,
