,0,1,2,3,4,5,6,7,8,9,10,11,12,13,14,15,16,17,18,19,20,21,22,23,24,25,26,27,28,29,30,31,32,33,34,35,36,37,38,39,40,41,42,43,44,45,46,47,48,49,50,51,52,53,54,55,56,57,58,59,60,61,62,63,64,65,66,67,68,69,70,71,72,73,74,75,76,77,78,79,80,81,82,83,84,85,86,87,88,89,90,91,92,93,94,95,96,97,98,99
Weights_1,0.3996895624890785,0.6981250707749038,0.4305095454452438,0.7792798556295912,0.6167462025321709,0.33574356180805365,0.549599947437729,0.145999365050552,0.4178378894603487,0.9008143529155487,0.39785811949027095,0.11023026104990963,0.29902806263577475,0.8798506082709473,0.8927656015928668,0.13669678861061407,0.7208489334755643,0.14958452414485424,0.4485156700780606,0.4226577769761082,0.23739900255259339,0.024673999776394062,0.43103194488343444,0.5346371472524052,0.30535302362455197,0.8158300051374043,0.0764583038237433,0.2554508717987971,0.5263689316956413,0.3576595200614905,0.4336830179384258,0.710772844005048,0.11134293194748224,0.8886888814220792,0.9263448492488394,0.27454814987073506,0.13676136104306758,0.7427576609154811,0.40573565801968825,0.9494180871947996,0.45882026055565894,0.542571480285748,0.696596738708261,0.19169299012836993,0.7822306523246981,0.35252240169115945,0.13136448589439098,0.5368598905802768,0.506496211266206,0.7260872474487972,0.6170188094574998,0.29549231512168395,0.8843929617038726,0.22794084660818004,0.9006975423677248,0.5595650496225694,0.6205530966013225,0.8366349048360734,0.7729135022207895,0.14939787578604435,0.5169222821753969,0.3095354376407756,0.8431548608597615,0.6341186348659233,0.8809194623672508,0.09498021885236174,0.7089491575689681,0.8860408166043994,0.9290209109368575,0.04272367990782722,0.7526962122693076,0.8947027285343911,0.9143315177577965,0.025852173021456593,0.09344354155396539,0.4446635062917603,0.6295475687192531,0.8881255657390265,0.43883650036806054,0.7163510539250554,0.21052843893087825,0.7978569317060255,0.8058292777126149,0.8493067317283247,0.8158509460263931,0.8999875368638861,0.9674211418277385,0.4383361580187948,0.9288123936103542,0.7953892272709558,0.605508128163603,0.6967201099165405,0.712663466230998,0.39594486383794747,0.8895055137434333,0.5483927442472166,0.5584875116684952,0.09640737331155202,0.2624238845332558,0.18341558186557172
Biases_1,0.7645412963185609,0.01828139043915722,0.49684439561561666,0.24398741484756792,0.9973970277620026,0.9793518103489046,0.2169423486589721,0.8159397298101594,0.5089151480754324,0.4685999985249515,,,,,,,,,,,,,,,,,,,,,,,,,,,,,,,,,,,,,,,,,,,,,,,,,,,,,,,,,,,,,,,,,,,,,,,,,,,,,,,,,,,,,,,,,,
Weights_2,0.14314895785943504,0.20728134755841587,0.7911554972325927,0.2987676481071663,0.34936857751168127,0.24553447211424395,0.4390190034594459,0.6347030327371316,0.46295041140612403,0.8607650732565658,0.3939531150433675,0.7563519917438595,0.22281469815202637,0.9765396684726619,0.12979032668565582,0.6011096766396434,0.5232454348153697,0.7155631581610147,0.04205926989636566,0.358347088097542,0.15343250150372179,0.8328505064694532,0.5217453443402721,0.6875151468843393,0.08313926867197885,0.9229400074602407,0.8576065744939612,0.511635685927962,0.3529516405119041,0.13034452865525203,0.27493519876311734,0.9591573099134962,0.6649276296139148,0.7878925500529521,0.3289351759509048,0.4275926309321738,0.2428336974380002,0.13032468734246827,0.007837768107751053,0.3192918563924305,0.360556961548392,0.1792242857222417,0.42885109042335023,0.0727673008240699,0.37792050962902624,0.40648442516498395,0.024938222494112927,0.3661343563099734,0.17074520103998458,0.7411240964602208,0.6532068791430747,0.7150158637087096,0.05456827007796128,0.9573296819162832,0.014104058171425793,0.39245927591395535,0.2625558579217184,0.03792219000430652,0.7488634151708514,0.9279309989030284,0.12573160854701493,0.649306783126507,0.48453337888111714,0.989494627516221,0.5502988012243574,0.3727535370182399,0.8209816480520578,0.20082504163701131,0.7030714594228764,0.36164839742476573,,,,,,,,,,,,,,,,,,,,,,,,,,,,,,
Biases_2,0.57243039288983,0.249247132164241,0.5761884990432274,0.1384012437323433,0.5463600990126558,0.7748884690429678,0.3250828423476174,,,,,,,,,,,,,,,,,,,,,,,,,,,,,,,,,,,,,,,,,,,,,,,,,,,,,,,,,,,,,,,,,,,,,,,,,,,,,,,,,,,,,,,,,,,,,
Weights_3,0.5161293607434873,0.7593237683071865,0.04349715100580798,0.1739427612340827,0.14394581357560376,0.16200713051485305,0.6405264645245138,0.4740516878672959,0.4308090805209186,0.7261643539408621,0.4406781741038862,0.28053781746499806,0.352172600311788,0.8352211980412324,0.5911055625512912,0.5344745060233482,0.3602306125743516,0.4801047389827242,0.9599735329434705,0.7120550784887029,0.7439387554797599,0.8703680637124317,0.3855404909921515,0.6463292109790031,0.8624177604958936,0.4818939186861323,0.010502900812618732,0.6587878819152566,0.1799797780982415,0.5197436316537911,0.7822422377340897,0.09260557926750335,0.439944820046557,0.5377811511292409,0.7590699334996206,,,,,,,,,,,,,,,,,,,,,,,,,,,,,,,,,,,,,,,,,,,,,,,,,,,,,,,,,,,,,,,,,
Biases_3,0.17443529317153317,0.41193465351127534,0.26206880000716604,0.764291321792179,0.06488982056693382,,,,,,,,,,,,,,,,,,,,,,,,,,,,,,,,,,,,,,,,,,,,,,,,,,,,,,,,,,,,,,,,,,,,,,,,,,,,,,,,,,,,,,,,,,,,,,,
Weights_4,0.45712222525243085,0.2890273544924208,0.3879744864694369,0.0997966375852476,0.5133987396556481,0.19340837703147695,0.746803930888576,0.9157850276035275,0.605181746522232,0.8923855316016739,0.16251796406117236,0.7020625238856093,0.5762740860338077,0.9356320378084538,0.9703509653563849,,,,,,,,,,,,,,,,,,,,,,,,,,,,,,,,,,,,,,,,,,,,,,,,,,,,,,,,,,,,,,,,,,,,,,,,,,,,,,,,,,,,,
Biases_4,0.5911149492174269,0.9277808000125045,0.9465937133819672,,,,,,,,,,,,,,,,,,,,,,,,,,,,,,,,,,,,,,,,,,,,,,,,,,,,,,,,,,,,,,,,,,,,,,,,,,,,,,,,,,,,,,,,,,,,,,,,,
Weights_5,0.5144081748945254,0.01839458591948151,0.0302151449008643,0.6908485780530538,0.3081661431931767,0.022432307126253104,,,,,,,,,,,,,,,,,,,,,,,,,,,,,,,,,,,,,,,,,,,,,,,,,,,,,,,,,,,,,,,,,,,,,,,,,,,,,,,,,,,,,,,,,,,,,,
FitnessValue,,,,,,,,,,,,,,,,,,,,,,,,,,,,,,,,,,,,,,,,,,,,,,,,,,,,,,,,,,,,,,,,,,,,,,,,,,,,,,,,,,,,,,,,,,,,,,,,,,,,
