,0,1,2,3,4,5,6,7,8,9,10,11,12,13,14,15,16,17,18,19,20,21,22,23,24,25,26,27,28,29,30,31,32,33,34,35,36,37,38,39,40,41,42,43,44,45,46,47,48,49,50,51,52,53,54,55,56,57,58,59,60,61,62,63,64,65,66,67,68,69,70,71,72,73,74,75,76,77,78,79,80,81,82,83,84,85,86,87,88,89,90,91,92,93,94,95,96,97,98,99
Weights_1,0.9355132679265146,0.8787818869462519,0.334178108482049,0.908606820935853,0.046409996876568216,0.6891667386113509,0.33129875326199987,0.272764190656538,0.2072914321999203,0.7942938232943009,0.4010919617556652,0.9941205363758292,0.21292891128418145,0.4682057300597864,0.38079841653279134,0.6770814907192475,0.02538582445924842,0.719175677596602,0.7076203492853248,0.47934484443491077,0.5785642817648528,0.10240803905844376,0.20702132747115287,0.20770089481490273,0.26612776576394304,0.34819157661130073,0.32317178553575454,0.42199673939699844,0.3291274537009006,0.3356561133720761,0.08178330132052669,0.5639186727174192,0.8500956529072964,0.4679401612558908,0.017542726687938326,0.8755134113861389,0.39486103273303863,0.07531030065330624,0.9247397758970649,0.517128175447452,0.08141782365786321,0.6327937033403984,0.7070510732838556,0.4045525715613534,0.09816917260130564,0.6357376064979335,0.4251843869368246,0.2092957444685224,0.24033067193749091,0.186760661492953,0.6760311233016525,0.3591708766709888,0.8355203730655708,0.9671137052947595,0.42665070268791094,0.3732811268428402,0.9017054111767289,0.30366582809140996,0.7145444466291467,0.3717506369365985,0.6258584049572296,0.3291937925625533,0.7483443990635824,0.3762490056704636,0.9523189209750037,0.07690195474893802,0.6271948058353239,0.5802190542779797,0.6484573938626244,0.6376524523727327,0.0751689131208445,0.1385023375839155,0.46451748125017134,0.448155128556194,0.1959757253658626,0.2307552868929592,0.510932177470826,0.20781399029953251,0.758374500725322,0.4498621012211984,0.1126728426626088,0.07032423150255407,0.8896397535719937,0.9614949277226109,0.8490693645731746,0.045904078030014284,0.26877628067194226,0.01642340558347566,0.7517354300110788,0.7423572900102796,0.7959878451390403,0.845814848117733,0.010856568443037173,0.12412266564708796,0.10827438063914785,0.05724858422954748,0.649591929193413,0.08267254477150465,0.2943125606620829,0.31772702433993116
biasesOne,0.8179797873326473,0.43463212786033456,0.3379563092652492,0.4459266026571753,0.313141504757137,0.21585146241823805,0.9181432834337648,0.8878064694587888,0.21482615295748309,0.30476390155199806,,,,,,,,,,,,,,,,,,,,,,,,,,,,,,,,,,,,,,,,,,,,,,,,,,,,,,,,,,,,,,,,,,,,,,,,,,,,,,,,,,,,,,,,,,
Weights_2,0.886046597805453,0.5092086380522018,0.11608950588005196,0.4716825934524659,0.4803674663890265,0.5987127881194846,0.9708217069537366,0.479791587426451,0.9746651949752183,0.21367335205255467,0.9852184520058064,0.8922089463741891,0.11388663858764914,0.2513428929356746,0.7088603397961866,0.3315131156980271,0.8060618448016604,0.3283999919634155,0.6609242946171848,0.15314479607662845,0.052034025496767056,0.1680546098261858,0.38066026718679924,0.028776848162117008,0.6173511756634953,0.04221054997770546,0.19265143383941996,0.3057413358702099,0.7824990825505126,0.98241380087486,0.369523378446893,0.6205352415262847,0.630188918857951,0.8101313482347432,0.0952001655583421,0.008181614846598628,0.36210183597328993,0.572621793567412,0.9875929575036466,0.18373276242172765,0.4125994745443927,0.3476650949782395,0.5253638248641042,0.02702433536186899,0.35791726944496527,0.5767391973032718,0.8264633111676878,0.7417959769198998,0.12857364449659514,0.3016924744860704,0.0860141662100552,0.018469231905234973,0.0503240708089413,0.5593714136578244,0.9969963311182578,0.6985925427733577,0.6632553606221978,0.534597772236508,0.5134375478863381,0.6573237135664998,0.029177293676178495,0.32320759093462936,0.16169131793646374,0.6002249220918766,0.8686716506307331,0.3770616163034999,0.07433131798460235,0.916373026447601,0.34785802783912545,0.9837930204731246,,,,,,,,,,,,,,,,,,,,,,,,,,,,,,
biasesTwo,0.6828636409117605,0.8697217645779178,0.9718356304319554,0.5053236374254308,0.36714068333035865,0.5907712634325256,0.3278718063347368,,,,,,,,,,,,,,,,,,,,,,,,,,,,,,,,,,,,,,,,,,,,,,,,,,,,,,,,,,,,,,,,,,,,,,,,,,,,,,,,,,,,,,,,,,,,,
Weights_3,0.20936081341413204,0.8489468672302847,0.6801764420623462,0.40023058040813575,0.48415901762700253,0.20557096302252187,0.6948689447411589,0.25768009961311733,0.5800587262882142,0.9110571890157924,0.5543207264687152,0.17610272244479785,0.7453388091078378,0.6782491726595781,0.906976824033441,0.3149700669215265,0.9935159861629463,0.046845484291853645,0.5862477310530892,0.3998959408423678,0.3099623807669495,0.2473705916326101,0.2629477599022366,0.19093071138945095,0.16829405097899552,0.016895792738717885,0.5771475073678148,0.7350474440494056,0.08831309187169567,0.800352718931131,0.5949017325215001,0.9567420815199238,0.6701701664863102,0.5264014159868239,0.317762521242671,,,,,,,,,,,,,,,,,,,,,,,,,,,,,,,,,,,,,,,,,,,,,,,,,,,,,,,,,,,,,,,,,
biasesThree,0.5674573888909168,0.7404365955948943,0.5598486340442606,0.5627627388827416,0.5394673207868544,,,,,,,,,,,,,,,,,,,,,,,,,,,,,,,,,,,,,,,,,,,,,,,,,,,,,,,,,,,,,,,,,,,,,,,,,,,,,,,,,,,,,,,,,,,,,,,
Weights_4,0.4334664955556927,0.3280472968613123,0.6115296722930533,0.021706630728850262,0.7361149189124003,0.7175884408137766,0.7673671612618356,0.9396973539301022,0.08869031952604889,0.7996534608405178,0.4718769466187912,0.5933530585697746,0.7331609568212497,0.34944118942949676,0.5953170669809907,,,,,,,,,,,,,,,,,,,,,,,,,,,,,,,,,,,,,,,,,,,,,,,,,,,,,,,,,,,,,,,,,,,,,,,,,,,,,,,,,,,,,
biasesFour,0.9018538435061471,0.6403810403647203,0.7293945881928688,,,,,,,,,,,,,,,,,,,,,,,,,,,,,,,,,,,,,,,,,,,,,,,,,,,,,,,,,,,,,,,,,,,,,,,,,,,,,,,,,,,,,,,,,,,,,,,,,
Weights_5,0.6247464465683769,0.5462509842398892,0.9911456589993536,0.2559129503956775,0.388542850136408,0.9895875962961004,,,,,,,,,,,,,,,,,,,,,,,,,,,,,,,,,,,,,,,,,,,,,,,,,,,,,,,,,,,,,,,,,,,,,,,,,,,,,,,,,,,,,,,,,,,,,,
FitnessValue,,,,,,,,,,,,,,,,,,,,,,,,,,,,,,,,,,,,,,,,,,,,,,,,,,,,,,,,,,,,,,,,,,,,,,,,,,,,,,,,,,,,,,,,,,,,,,,,,,,,
