,0,1,2,3,4,5,6,7,8,9,10,11,12,13,14,15,16,17,18,19,20,21,22,23,24,25,26,27,28,29,30,31,32,33,34,35,36,37,38,39,40,41,42,43,44,45,46,47,48,49,50,51,52,53,54,55,56,57,58,59,60,61,62,63,64,65,66,67,68,69,70,71,72,73,74,75,76,77,78,79,80,81,82,83,84,85,86,87,88,89,90,91,92,93,94,95,96,97,98,99
Weights_1,0.14649523615787308,0.845631582004757,0.43038659358244413,0.47729743655234436,0.2855090314468317,0.8719720485105346,0.7231230313755191,0.2607975678413388,0.8695827621823017,0.925238139143065,0.27125660485135494,0.6364892352614064,0.4726937422390969,0.9643073446306311,0.9996100096026079,0.830181767448411,0.5998753477343166,0.13827837800684173,0.3548140143112558,0.6801241735362372,0.4542528350663221,0.8666968655891087,0.12462534395523328,0.4092629525238376,0.899829603466773,0.24007428455356195,0.6292312355730425,0.6411282761035697,0.135102215911014,0.6370603396549699,0.7344069966815708,0.17416294931523213,0.17032425357699188,0.669946189129674,0.8927576201731829,0.5903134763447261,0.8143208603630476,0.9748947222369323,0.2738525834158151,0.14694287741635292,0.9728022120193494,0.5426261728387395,0.7929151374732414,0.818630087148406,0.7010515991301819,0.7578455381723644,0.2847105921958816,0.33317532870406785,0.6426623554409489,0.9042902799728441,0.018161854139436717,0.11753526434674333,0.7028334868415405,0.7604830065272592,0.893831033092591,0.22514072917013994,0.18433399020891594,0.962131264763903,0.5679076015779492,0.7523312295343834,0.6187892258651873,0.062946400436374,0.7624261100517913,0.4462586222044457,0.2840459162573158,0.8336117329333803,0.7758498382861159,0.21970021689823027,0.5655999839222345,0.6360271847032397,0.4733531955418715,0.9559119522087944,0.6144464248737894,0.49564667459747525,0.01644261139120995,0.8327263735589328,0.21202364353777925,0.7616661500822444,0.30753893020553624,0.4888616821510021,0.324616882694271,0.22728188997546395,0.503223977153149,0.05085766200277109,0.9821098834154818,0.917037805842288,0.49603359701342764,0.5583336130048546,0.5837091469079312,0.2095612509904793,0.49842600817531957,0.7684092005726565,0.6100250870555017,0.3955085528816261,0.9960597173674576,0.45044909187946436,0.455942730029941,0.07109058421182324,0.9725697655111766,0.3236280611930288
Biases_1,0.6637684031898728,0.7782936341810286,0.9205938090831034,0.3943888951565433,0.4516779098277445,0.8123936664329203,0.13224605960423985,0.6746394618499416,0.4229655145349316,0.770991996780761,,,,,,,,,,,,,,,,,,,,,,,,,,,,,,,,,,,,,,,,,,,,,,,,,,,,,,,,,,,,,,,,,,,,,,,,,,,,,,,,,,,,,,,,,,
Weights_2,0.716563727113536,0.24884651267720792,0.1307690584095782,0.772750111891662,0.3235504483491314,0.00020497249235473802,0.47743948084737975,0.3093149686981439,0.8284310169523198,0.465647703135298,0.9549290382585557,0.29251022516679503,0.8195010940980743,0.10446677302425478,0.4186980970428975,0.8385570985946651,0.3448341019519743,0.5714863872279677,0.5065872674714081,0.19322202493292107,0.7402802363038854,0.7128328047995645,0.2907020143194947,0.9778026852379388,0.033693216953933125,0.1897540683740021,0.7084866331253018,0.5260648386300857,0.6903348503445982,0.9712423458510886,0.7804981106127769,0.5583755593343458,0.30799708862828823,0.01352273116694791,0.04438793364016125,0.04804126275423648,0.40028963854260846,0.5981432220342068,0.4193584871048419,0.3465409359632208,0.5955039650900344,0.8153247789084388,0.34262716673017846,0.7019766464202383,0.868741115326919,0.9810202017745496,0.8786710306990853,0.04734678400258974,0.35169926632353876,0.19522769387376493,0.5292534794850697,0.04951903214860798,0.5061587263540821,0.6751913467128752,0.3666524056008268,0.037800712404920556,0.5213217024301774,0.38289469979358604,0.8813248024324054,0.7947245641002335,0.6246863110948726,0.9196556187349028,0.25493021553428674,0.27713360644351104,0.0729031403129462,0.9507798685018545,0.2666431290663829,0.7609192471632701,0.35220283826097576,0.24894957811009288,,,,,,,,,,,,,,,,,,,,,,,,,,,,,,
Biases_2,0.9691487897043858,0.809066370853998,0.7380055763040413,0.008336097646242213,0.9338830618045233,0.39469296843147106,0.8565136205060961,,,,,,,,,,,,,,,,,,,,,,,,,,,,,,,,,,,,,,,,,,,,,,,,,,,,,,,,,,,,,,,,,,,,,,,,,,,,,,,,,,,,,,,,,,,,,
Weights_3,0.6979297695278847,0.7097747098771374,0.3474791891724426,0.2786263084080598,0.851972898580062,0.8651753352991306,0.33122085602698237,0.03656015173896221,0.8983844015579172,0.6991956985339315,0.6112821937093507,0.5560026984159581,0.7361748727301122,0.9547444702931852,0.42069764560831113,0.8077473351316924,0.8492701693405761,0.51351479484693,0.1557346734717996,0.3929223632012817,0.06312511839235224,0.036779811025997144,0.12002503082638216,0.987433866586507,0.7648631992164033,0.05936837626371616,0.5087047833814693,0.9624365929772166,0.29255124729031,0.4536244494272301,0.7354346430455497,0.6820355184179101,0.9843463739712536,0.5113361126612848,0.8008482452779034,,,,,,,,,,,,,,,,,,,,,,,,,,,,,,,,,,,,,,,,,,,,,,,,,,,,,,,,,,,,,,,,,
Biases_3,0.5300740890271406,0.21505577071410753,0.9024783952277117,0.833087104916987,0.5655402264527063,,,,,,,,,,,,,,,,,,,,,,,,,,,,,,,,,,,,,,,,,,,,,,,,,,,,,,,,,,,,,,,,,,,,,,,,,,,,,,,,,,,,,,,,,,,,,,,
Weights_4,0.7051457412051192,0.8379884216038175,0.21228164300123142,0.028278292933218374,0.791403691151694,0.7791005873051411,0.17810911184372147,0.8296360986120228,0.5225837528560818,0.57844252775233,0.37523613799939315,0.0949969396425826,0.07689114107288764,0.18497112761330703,0.3970628400795341,,,,,,,,,,,,,,,,,,,,,,,,,,,,,,,,,,,,,,,,,,,,,,,,,,,,,,,,,,,,,,,,,,,,,,,,,,,,,,,,,,,,,
Biases_4,0.1373332856062125,0.6109601840576645,0.0971109658263466,,,,,,,,,,,,,,,,,,,,,,,,,,,,,,,,,,,,,,,,,,,,,,,,,,,,,,,,,,,,,,,,,,,,,,,,,,,,,,,,,,,,,,,,,,,,,,,,,
Weights_5,0.7237295803749352,0.80708749369272,0.3628814124245374,0.7313474928382431,0.477558693933656,0.03300156915142949,,,,,,,,,,,,,,,,,,,,,,,,,,,,,,,,,,,,,,,,,,,,,,,,,,,,,,,,,,,,,,,,,,,,,,,,,,,,,,,,,,,,,,,,,,,,,,
FitnessValue,,,,,,,,,,,,,,,,,,,,,,,,,,,,,,,,,,,,,,,,,,,,,,,,,,,,,,,,,,,,,,,,,,,,,,,,,,,,,,,,,,,,,,,,,,,,,,,,,,,,
