,0,1,2,3,4,5,6,7,8,9,10,11,12,13,14,15,16,17,18,19,20,21,22,23,24,25,26,27,28,29,30,31,32,33,34,35,36,37,38,39,40,41,42,43,44,45,46,47,48,49,50,51,52,53,54,55,56,57,58,59,60,61,62,63,64,65,66,67,68,69,70,71,72,73,74,75,76,77,78,79,80,81,82,83,84,85,86,87,88,89,90,91,92,93,94,95,96,97,98,99
Weights_1,0.3169184523227493,0.058439849991518855,0.5742734342418897,0.6938882408267348,0.40359001026595986,0.9626000805252577,0.6028933375174801,0.43275411060333224,0.44726582978670637,0.7084504423695365,0.09817864929379305,0.9976490673303127,0.4049786627886115,0.2604539266787689,0.9764945450480169,0.5408189037552669,0.3009471307331464,0.7867686321298011,0.056381333134775335,0.5973473271738173,0.8059692006664478,0.04616964130621837,0.8195963488417524,0.25433301489014626,0.7869621722265692,0.9472040475257848,0.12150372017763555,0.5311615534053411,0.8195478416948521,0.25324825876246027,0.8985908837451029,0.07979338223563204,0.8324865135782319,0.21216316087966847,0.7566911049499376,0.6366936476699807,0.4772959042253492,0.19056939330134293,0.9996679961936442,0.5844746507538447,0.41338591512395273,0.7967989110055601,0.7443946519741662,0.6942211313635669,0.8117714352564651,0.06578554532909342,0.23782221225869504,0.4940326167774237,0.044165829031961756,0.5737539721843539,0.5127782120613532,0.4804606054093956,0.6842924552829552,0.45678704419862626,0.8981215028515391,0.7726427708887401,0.4680212537468502,0.22786274502617188,0.19895713874697463,0.14397980364937535,0.633794373001451,0.2762838921651828,0.2637939437782475,0.7255987985209871,0.17362687932484544,0.7141105052910707,0.0887635423701274,0.013044612375985087,0.6212023623028335,0.3231248156287978,0.07904887513628356,0.29108105054650435,0.6543371567607983,0.7834485518321991,0.7415481051057137,0.08852214252212909,0.8400897736123232,0.9016942337897355,0.7231332408804272,0.2619885913695692,0.04182268237242415,0.44021772848565455,0.6196259494565847,0.6884902883704709,0.1651043486673096,0.7809623036284903,0.2985572205733188,0.1622445006575679,0.3665300381608715,0.6184218914608315,0.7836517058235115,0.6918604204167267,0.6808721480816701,0.8960656668271549,0.16578829169714826,0.540467457176142,0.08480727291417078,0.4969099695160033,0.6984843909016722,0.3070541822354298
Biases_1,0.8197304864843337,0.20433876425779895,0.7119816384482026,0.08176477689953066,0.18698136372473428,0.7028556374049021,0.6646846055832324,0.26374767844235303,0.00952260263327287,0.8854031157695562,,,,,,,,,,,,,,,,,,,,,,,,,,,,,,,,,,,,,,,,,,,,,,,,,,,,,,,,,,,,,,,,,,,,,,,,,,,,,,,,,,,,,,,,,,
Weights_2,0.17257459545753395,0.344647488857474,0.7789028370174829,0.6856164349373193,0.4664996493809104,0.3836307628231448,0.39615658438723333,0.7453450137347258,0.44520523149918423,0.2250184528951733,0.5383841461243818,0.3040099963395063,0.13210302609131996,0.0112183711870949,0.8424036018670428,0.9883766974235288,0.6423058030951351,0.09656546158686252,0.7831187723152919,0.13005856499679003,0.4824372494410881,0.44476776413752506,0.37178526676905477,0.9599842651008208,0.3829108307769792,0.4632303710633977,0.3582479241819311,0.8328565693149307,0.9203559641103498,0.500312455024534,0.6067773826820925,0.5170630066146266,0.5369118833409057,0.14377573241689678,0.3908050574043114,0.5669302990124614,0.23942674521434726,0.708924684283816,0.1570420000206213,0.4340763574963752,0.0457006748360943,0.9281239041182545,0.16591349612018214,0.28282975512558917,0.470842286817881,0.26832045515250824,0.635190792647921,0.9176174477086788,0.4979492495544243,0.08432315502048748,0.2783964967863549,0.10808613767871256,0.029521261863384662,0.7746365108842527,0.16976910344426366,0.9144905440403033,0.23425741980556158,0.0047071183162011865,0.14230737663672333,0.8014672363179534,0.04532859582145654,0.851040897369627,0.9316446908235568,0.14579609866556842,0.8547514727442113,0.9763196803622138,0.8731145477109674,0.08936843992211185,0.9424892292310068,0.07882241419056035,,,,,,,,,,,,,,,,,,,,,,,,,,,,,,
Biases_2,0.6593543559163383,0.10664065143340762,0.8188101998230024,0.4521117829925848,0.8694998367026834,0.22974604365181883,0.13169049015291268,,,,,,,,,,,,,,,,,,,,,,,,,,,,,,,,,,,,,,,,,,,,,,,,,,,,,,,,,,,,,,,,,,,,,,,,,,,,,,,,,,,,,,,,,,,,,
Weights_3,0.8951285431226389,0.7381079200540763,0.9864832094775345,0.8581159687839932,0.1849200899078024,0.027134925600886373,0.9470147648888283,0.09810064971125443,0.06100248178803669,0.5297602153600134,0.9489613515473047,0.19528381738022083,0.5306636016691838,0.08366845144551283,0.37329179590921446,0.7124579497580595,0.3359923992710946,0.5552960705225909,0.5501881871648359,0.8955386017796562,0.33641000648869823,0.637102753373575,0.646186242762208,0.9266956427802447,0.9582350852572895,0.36895579048969085,0.10031544098205603,0.4316236887082542,0.7989774032077603,0.5948182818199227,0.40018296737443615,0.9807330744043489,0.15886747968337356,0.00928132435853335,0.6149726766099737,,,,,,,,,,,,,,,,,,,,,,,,,,,,,,,,,,,,,,,,,,,,,,,,,,,,,,,,,,,,,,,,,
Biases_3,0.6140231120538913,0.9474969815717098,0.3620248967820415,0.22425590655510907,0.44345499196032423,,,,,,,,,,,,,,,,,,,,,,,,,,,,,,,,,,,,,,,,,,,,,,,,,,,,,,,,,,,,,,,,,,,,,,,,,,,,,,,,,,,,,,,,,,,,,,,
Weights_4,0.18796464797591472,0.9156871995120659,0.3656538590952697,0.6405677192927871,0.22733098952541064,0.5330504553295248,0.405213827478364,0.46764623917781845,0.08243882608966857,0.9794842348104108,0.7591410966504823,0.7222097174201104,0.3902228049190102,0.3714199870182556,0.5637851333843557,,,,,,,,,,,,,,,,,,,,,,,,,,,,,,,,,,,,,,,,,,,,,,,,,,,,,,,,,,,,,,,,,,,,,,,,,,,,,,,,,,,,,
Biases_4,0.8960579786246459,0.973751434381106,0.16474076955131323,,,,,,,,,,,,,,,,,,,,,,,,,,,,,,,,,,,,,,,,,,,,,,,,,,,,,,,,,,,,,,,,,,,,,,,,,,,,,,,,,,,,,,,,,,,,,,,,,
Weights_5,0.3050242683001452,0.9226548481550192,0.8957502854504995,0.22171792715219252,0.7301213734471572,0.1510938961227537,,,,,,,,,,,,,,,,,,,,,,,,,,,,,,,,,,,,,,,,,,,,,,,,,,,,,,,,,,,,,,,,,,,,,,,,,,,,,,,,,,,,,,,,,,,,,,
FitnessValue,,,,,,,,,,,,,,,,,,,,,,,,,,,,,,,,,,,,,,,,,,,,,,,,,,,,,,,,,,,,,,,,,,,,,,,,,,,,,,,,,,,,,,,,,,,,,,,,,,,,
