,0,1,2,3,4,5,6,7,8,9,10,11,12,13,14,15,16,17,18,19,20,21,22,23,24,25,26,27,28,29,30,31,32,33,34,35,36,37,38,39,40,41,42,43,44,45,46,47,48,49,50,51,52,53,54,55,56,57,58,59,60,61,62,63,64,65,66,67,68,69,70,71,72,73,74,75,76,77,78,79,80,81,82,83,84,85,86,87,88,89,90,91,92,93,94,95,96,97,98,99
Weights_1,0.2772556126060477,0.49358682050279257,0.2528369052495312,0.1211007760449535,0.28576568097470445,0.3084885050780989,0.44988164217819937,0.14849617775096624,0.8919769214556932,0.23687463650253426,0.6078768294381988,0.0426773398009308,0.4343303612602384,0.5936193919047436,0.4981708799462048,0.9834003925979065,0.058897888625987105,0.7992766433848683,0.8551700077446475,0.4328756036206759,0.8159114579967404,0.776011120611299,0.30840111194227915,0.6413724736854103,0.7532459181483329,0.17448621214518734,0.602044886504863,0.15735773972367428,0.23324891285258276,0.20045685548414338,0.6472078168440067,0.7220009238680241,0.7872939545768188,0.295673051792404,0.713073835471401,0.009375520340091592,0.6401716871541667,0.321206211012836,0.7145161885770096,0.7123278631190311,0.6600884899749466,0.30745560718537923,0.9576277747837036,0.5051438102172828,0.7790760779937469,0.2947296492855428,0.2764476398389617,0.668687432722993,0.24297862470861742,0.9919600645243073,0.017585140467388904,0.5314021873316439,0.4012572321919501,0.37565277271118114,0.2757644268524857,0.25660204051527746,0.3973088439448147,0.7797302738824088,0.27419180719276615,0.2319691862647938,0.43290971382870824,0.33708671649534017,0.020022243167505782,0.1989169755933473,0.9830948932369542,0.49475696306966677,0.8303692170000946,0.4955468215737131,0.7497537938255396,0.8529684901585892,0.7817941861052189,0.8813038540682427,0.3716467414713107,0.14610014215759803,0.8888441154911785,0.33363571683092275,0.46567611491166594,0.7088529420076768,0.16772853120344788,0.15665590465406276,0.16966541650832845,0.8762844067493439,0.607932404266486,0.07770907660048076,0.4868866213124313,0.5603996320933744,0.5981285009018997,0.5782894265322852,0.4846286933011247,0.5941805059753532,0.6298144269139554,0.1442412194414977,0.5643167391839902,0.5220326892609835,0.9068431672137596,0.7978911101928928,0.5238427146424478,0.3385721520057955,0.9716931243117152,0.21732640079188403
Biases_1,0.021908012029947632,0.8335869707499108,0.1981405375328419,0.9304696455728915,0.1966740587535234,0.4217006152114383,0.47336694698825366,0.8785772846805959,0.8442290898792303,0.6450231492984323,,,,,,,,,,,,,,,,,,,,,,,,,,,,,,,,,,,,,,,,,,,,,,,,,,,,,,,,,,,,,,,,,,,,,,,,,,,,,,,,,,,,,,,,,,
Weights_2,0.8384444986186657,0.0069236519984055,0.22867922325657852,0.41380059902189503,0.8922284325724723,0.8864796746265842,0.357039118739657,0.18762807119628244,0.572576947441684,0.49186887537746626,0.6617406990260188,0.21652852150131585,0.5653883748914025,0.8712806734577526,0.29371859842831327,0.04112181980934637,0.5866701970606751,0.03582137435098354,0.9042964789312629,0.22693225247642723,0.3662746876684948,0.2060601941353163,0.8399273769357886,0.08503458319400703,0.35914682455605074,0.9839743542938079,0.1260433503240035,0.42919270994366376,0.7127102987615601,0.03450500110565402,0.19095134250682733,0.9010563970540183,0.5995491788026115,0.6025321186932105,0.4549340628842028,0.5369548952349404,0.9500541784507214,0.6188716666456533,0.9619954464324919,0.7085905515453671,0.07852885936059972,0.9391166867339742,0.04934684925721966,0.5261228625856272,0.35267364678492097,0.6696337303261957,0.43829848394754045,0.02497755408715563,0.9085054246455907,0.7643804868417448,0.6854030329580919,0.37905955623073273,0.004998123003727484,0.5239395072338474,0.009014492085749892,0.3911415816632221,0.9358145318410457,0.7192959626453699,0.060968267148194144,0.4351198878395298,0.2502022038027193,0.607092487610109,0.35525823096025544,0.6475685560551714,0.15455243548785214,0.24778994146414535,0.7197985214403598,0.2661546501167097,0.11366978185776222,0.15270493404887753,,,,,,,,,,,,,,,,,,,,,,,,,,,,,,
Biases_2,0.030711700727440228,0.9116908849744818,0.7654302861786426,0.8810789563690098,0.5121269366500302,0.6246720513863587,0.12007431298712457,,,,,,,,,,,,,,,,,,,,,,,,,,,,,,,,,,,,,,,,,,,,,,,,,,,,,,,,,,,,,,,,,,,,,,,,,,,,,,,,,,,,,,,,,,,,,
Weights_3,0.6848757510778062,0.30577891861326667,0.9287778354406869,0.27895298226822407,0.19408379833681166,0.8008746408382029,0.10347318497193392,0.8217345881695413,0.28403677520455006,0.13708853892280304,0.9208445599670987,0.9930342503780808,0.09833538554021604,0.7251652146616968,0.32770161753731963,0.8981503078363441,0.2668428614469377,0.005630931160562569,0.15884486116161955,0.22408645745945366,0.9491729738025254,0.21223492226878737,0.10228811316940711,0.06163635749770513,0.3175394177211516,0.7856999780849371,0.5470923737217804,0.9956890208923658,0.10667304848950465,0.4851801610605301,0.18831964033500237,0.16472174314399746,0.9155111574562912,0.9596776577822288,0.7130645391349646,,,,,,,,,,,,,,,,,,,,,,,,,,,,,,,,,,,,,,,,,,,,,,,,,,,,,,,,,,,,,,,,,
Biases_3,0.7615604000171637,0.7412141375660014,0.7333559008189637,0.09968894607981893,0.9172151667861791,,,,,,,,,,,,,,,,,,,,,,,,,,,,,,,,,,,,,,,,,,,,,,,,,,,,,,,,,,,,,,,,,,,,,,,,,,,,,,,,,,,,,,,,,,,,,,,
Weights_4,0.9227161502027942,0.2686393695433028,0.29255633823114013,0.6052445005882794,0.24777050233468711,0.5272904761000468,0.2543091348492823,0.8465877092777164,0.25470305398588855,0.08393203567597529,0.6836403676781587,0.2859624489038026,0.8755079405765115,0.1541325038418797,0.10425460491465399,,,,,,,,,,,,,,,,,,,,,,,,,,,,,,,,,,,,,,,,,,,,,,,,,,,,,,,,,,,,,,,,,,,,,,,,,,,,,,,,,,,,,
Biases_4,0.5116619475058022,0.1055353150993057,0.7811066646202174,,,,,,,,,,,,,,,,,,,,,,,,,,,,,,,,,,,,,,,,,,,,,,,,,,,,,,,,,,,,,,,,,,,,,,,,,,,,,,,,,,,,,,,,,,,,,,,,,
Weights_5,0.9858917069629324,0.244912695842322,0.8682100889560107,0.11959990405606213,0.03089606604328321,0.3664277104435294,,,,,,,,,,,,,,,,,,,,,,,,,,,,,,,,,,,,,,,,,,,,,,,,,,,,,,,,,,,,,,,,,,,,,,,,,,,,,,,,,,,,,,,,,,,,,,
FitnessValue,,,,,,,,,,,,,,,,,,,,,,,,,,,,,,,,,,,,,,,,,,,,,,,,,,,,,,,,,,,,,,,,,,,,,,,,,,,,,,,,,,,,,,,,,,,,,,,,,,,,
