,0,1,2,3,4,5,6,7,8,9,10,11,12,13,14,15,16,17,18,19,20,21,22,23,24,25,26,27,28,29,30,31,32,33,34,35,36,37,38,39,40,41,42,43,44,45,46,47,48,49,50,51,52,53,54,55,56,57,58,59,60,61,62,63,64,65,66,67,68,69,70,71,72,73,74,75,76,77,78,79,80,81,82,83,84,85,86,87,88,89,90,91,92,93,94,95,96,97,98,99
Weights_1,0.9720395599907947,0.09319697035777341,0.8543449445893306,0.14843086388349913,0.7613477789527996,0.5617414152446545,0.028772464769100115,0.7942462961851999,0.2618653289528017,0.7610466503097687,0.22866126237852447,0.2537525512951556,0.19751132258560966,0.3789221079709951,0.8256549396113354,0.8335911674803077,0.11692002738942442,0.3109056024733229,0.6010699506548428,0.17035879946381705,0.8414082924339396,0.23831145463234127,0.5736184865398781,0.27523088220022296,0.08163701370940113,0.8858918962616643,0.41575966322690905,0.9223426184730146,0.7621152279140678,0.744661918286867,0.7351274298929733,0.470571728673823,0.7319591478931814,0.5472781937037081,0.38328711850407393,0.601214942505682,0.3325760237706249,0.17860905131835647,0.7462607795459175,0.5206927137888819,0.7606666882244257,0.8593497710928093,0.7519662515841986,0.717978051705376,0.8789669545688154,0.6336834068016246,0.7710955047111804,0.5802249740651494,0.8975809950925091,0.41427459064935623,0.23880690050359743,0.2990354782331933,0.5089114725371933,0.42087482868469006,0.3915458165617408,0.8712698418698033,0.4022803306466626,0.2750664016789963,0.9403798363439337,0.6203965874450321,0.5310748192374712,0.11386523454529118,0.647146973337733,0.9827414784310192,0.6794378402369591,0.7019635925161398,0.5585435871056835,0.02112574387374533,0.9267012665614486,0.6693541538551876,0.13403553984614447,0.09483388717813712,0.07928279676703076,0.06056361199732008,0.09973185763092396,0.851055261699278,0.2060394754034739,0.026861880625069556,0.5664657904138094,0.12378716227286524,0.8131645946997558,0.09355057560795066,0.45967530630834896,0.7121343734960981,0.31023025125652715,0.15593060526000213,0.9373732369005742,0.2548527080056201,0.09120568457258671,0.09983100609259488,0.33348617606751074,0.4843894770711683,0.5370638640279808,0.6887289722182885,0.43787665730079917,0.002704989702750238,0.9340398117972416,0.8894572646602741,0.5955174402018646,0.6538390490004462
biasesOne,0.9626873865631663,0.9109338938475382,0.9168685269251505,0.155494702973767,0.4665300253085146,0.5378088778765824,0.8099936566294238,0.6862041528388729,0.35617564056650297,0.24147428370273993,,,,,,,,,,,,,,,,,,,,,,,,,,,,,,,,,,,,,,,,,,,,,,,,,,,,,,,,,,,,,,,,,,,,,,,,,,,,,,,,,,,,,,,,,,
Weights_2,0.7018375227630956,0.44154187275108825,0.7963894749787658,0.29139968481093736,0.7500978240083503,0.02075648384283102,0.07850059296763712,0.4693284194871964,0.6649468435390131,0.6474228775816544,0.04028265854912749,0.28812345552198304,0.6451382172754738,0.07282640626178649,0.5400496524210241,0.4000621158001829,0.3159413654993657,0.5648323060118693,0.797948575147234,0.7635392098503563,0.2149292131104391,0.7139225562340064,0.6537492527237232,0.6545786850242752,0.2728422661438097,0.022477296258556434,0.10310064363445381,0.6446310943120667,0.5578901397134616,0.9158032540841856,0.33780009257143595,0.3753779293488484,0.1482411194563099,0.5947130000947077,0.4498972915084499,0.7430884956966723,0.5088182155571489,0.888973423285757,0.9759156437012273,0.453242335668137,0.3661456317757086,0.7831437442092778,0.6155762166306158,0.02166968396178781,0.8081306882612111,0.24912096527626926,0.5852945749401511,0.500991939869118,0.7867222595640085,0.13440850312504804,0.19273638973223295,0.5104930311098216,0.16655893791112208,0.6286992080860764,0.8230620461867448,0.1715241301003939,0.6191827966164042,0.7766575540161703,0.5630165344194111,0.9185131028924478,0.7871167870450655,0.8636503074773776,0.08877043611144098,0.36410723544532164,0.832790073845654,0.7246813325040646,0.8832915876977306,0.669639071117416,0.8724134967010826,0.20665222139679607,,,,,,,,,,,,,,,,,,,,,,,,,,,,,,
biasesTwo,0.7476550413900891,0.8600860532543998,0.8940109009899327,0.0917568014454907,0.7392697236713156,0.01767549790099887,0.7789634525215149,,,,,,,,,,,,,,,,,,,,,,,,,,,,,,,,,,,,,,,,,,,,,,,,,,,,,,,,,,,,,,,,,,,,,,,,,,,,,,,,,,,,,,,,,,,,,
Weights_3,0.9481847297051276,0.3826394798713142,0.26075590898539536,0.6606603827308662,0.7456981583047414,0.11542917084281135,0.2828854320055607,0.16246309805677062,0.02808311127373886,0.1917731384883513,0.7360930864376651,0.7857848898834678,0.970066554812434,0.23748683458383546,0.7603687563813819,0.1865804133657416,0.4354091326171339,0.5912117931248254,0.6130397626382783,0.5143579291750197,0.2799781631351491,0.254002706391107,0.18821983527632935,0.17302809654465767,0.8162934059130424,0.10116940619921944,0.37679046749778566,0.8326245728383752,0.14001705853110602,0.2535895677882698,0.5015536278134405,0.26592253176151226,0.3064646694418367,0.4957028722253187,0.41029728892939876,,,,,,,,,,,,,,,,,,,,,,,,,,,,,,,,,,,,,,,,,,,,,,,,,,,,,,,,,,,,,,,,,
biasesThree,0.6253257300772239,0.45639762178465526,0.526171762426227,0.18619191678851577,0.11861450249686845,,,,,,,,,,,,,,,,,,,,,,,,,,,,,,,,,,,,,,,,,,,,,,,,,,,,,,,,,,,,,,,,,,,,,,,,,,,,,,,,,,,,,,,,,,,,,,,
Weights_4,0.6061842247454967,0.32422257203905436,0.008548689258858766,0.5186650901369745,0.6347759081870726,0.7962397648024107,0.7158589915543763,0.5362255995436928,0.08939177449435864,0.9775586335144422,0.9540214601447555,0.9334697009182292,0.7800472036938956,0.29016517553348087,0.9223957579998485,,,,,,,,,,,,,,,,,,,,,,,,,,,,,,,,,,,,,,,,,,,,,,,,,,,,,,,,,,,,,,,,,,,,,,,,,,,,,,,,,,,,,
biasesFour,0.6577585745047363,0.2850361434588735,0.5684950826725589,,,,,,,,,,,,,,,,,,,,,,,,,,,,,,,,,,,,,,,,,,,,,,,,,,,,,,,,,,,,,,,,,,,,,,,,,,,,,,,,,,,,,,,,,,,,,,,,,
Weights_5,0.7985898899482484,0.9197718865225681,0.88273765569681,0.32190672572246504,0.08536079328364499,0.5334415953521237,,,,,,,,,,,,,,,,,,,,,,,,,,,,,,,,,,,,,,,,,,,,,,,,,,,,,,,,,,,,,,,,,,,,,,,,,,,,,,,,,,,,,,,,,,,,,,
FitnessValue,,,,,,,,,,,,,,,,,,,,,,,,,,,,,,,,,,,,,,,,,,,,,,,,,,,,,,,,,,,,,,,,,,,,,,,,,,,,,,,,,,,,,,,,,,,,,,,,,,,,
