,0,1,2,3,4,5,6,7,8,9,10,11,12,13,14,15,16,17,18,19,20,21,22,23,24,25,26,27,28,29,30,31,32,33,34,35,36,37,38,39,40,41,42,43,44,45,46,47,48,49,50,51,52,53,54,55,56,57,58,59,60,61,62,63,64,65,66,67,68,69,70,71,72,73,74,75,76,77,78,79,80,81,82,83,84,85,86,87,88,89,90,91,92,93,94,95,96,97,98,99
Weights_1,0.01602974853926442,0.3667203049408,0.5402719679026122,0.30664279919621773,0.9887013835549369,0.9773394596602809,0.28604539874099677,0.26245207489917843,0.9126657709827176,0.9989624273182047,0.1035929097244197,0.017233669840938104,0.2022675725870492,0.7674267157414758,0.6583808206956989,0.2889603206414385,0.3652134531330913,0.5734755787866505,0.24172770151242728,0.6628929068759971,0.5885359764953281,0.9844139141941268,0.7092756452604774,0.049919836943060236,0.7027388725451649,0.7772192237592401,0.2839405013393195,0.5367912433134387,0.5744411280766888,0.1922834859398207,0.7591947096250797,0.7359035378973509,0.8548556699842801,0.24691245579587906,0.23506839411339964,0.2814494666668911,0.304980051142945,0.6259333240601282,0.970138714666699,0.38043330312846346,0.257740559497297,0.10497335671856434,0.6494893819260837,0.10156935600113604,0.005064960850964528,0.17416949939716075,0.5263386357291568,0.7212277976858651,0.5449193665385168,0.38038039978556415,0.6768618901315305,0.1515144626373528,0.042369575345016175,0.371840628220633,0.4144215466219836,0.9249479250275869,0.04811507199144449,0.08946151782748857,0.21425627924448065,0.8273397540115272,0.10488625612074332,0.024508021116028234,0.5192260232574699,0.19152135403387383,0.430727983541069,0.17847446925138832,0.6993439698061673,0.3643893132878939,0.0682645567583049,0.9290485338994329,0.5237121193048048,0.13359864177038783,0.452051065487882,0.8708799941466903,0.20846413466981606,0.9929756132926287,0.048134281186814065,0.19778565337329135,0.10550400681532901,0.3020822186500407,0.9797021483922246,0.09108157846251053,0.7624269789526275,0.9075590006970072,0.6886971646988667,0.7557155046216285,0.8921281143801505,0.329651804767103,0.791883416541298,0.031072333096597182,0.2876871861970244,0.19383404505828317,0.9881660358488369,0.08530927649270703,0.6995208446506769,0.6043894170071494,0.6224543132281531,0.9174958920943476,0.9920075083490477,0.2795272936102421
biasesOne,0.13183185279276444,0.6429480907059406,0.29615314397051995,0.20263050425766982,0.5973515477860781,0.1496324356761859,0.30281450362948237,0.5793315808409958,0.2909638646226853,0.04433932081183545,,,,,,,,,,,,,,,,,,,,,,,,,,,,,,,,,,,,,,,,,,,,,,,,,,,,,,,,,,,,,,,,,,,,,,,,,,,,,,,,,,,,,,,,,,
Weights_2,0.6720389907954035,0.7745495051582107,0.8520818083013403,0.8052635972792127,0.529288454060197,0.916006489861557,0.8651578687795433,0.6277531280605735,0.4639992150771479,0.7119474973220324,0.6975810043817117,0.19402384731918654,0.32678571632679587,0.6040041765026422,0.8078160784785606,0.21164162900767503,0.919609945009114,0.21034502110222397,0.7014815193764182,0.8478932478650956,0.37297182762194125,0.07567599425140525,0.20527373993732445,0.7826090971973347,0.7264756983650008,0.9652305118172354,0.9932111807774183,0.5875863661186546,0.2627610961266037,0.5034357134672508,0.5929111182521031,0.17805242266496846,0.5078173531874597,0.5780945136323574,0.8504184298147843,0.7105959210396796,0.40497621614831847,0.7589676702508894,0.09268347165303825,0.1442265880115554,0.44129198728278063,0.45399026228761197,0.6490047943911503,0.6576408748167378,0.9285137058833025,0.07633208621541976,0.6794141851053247,0.2816467508211328,0.32952111227935743,0.39832290336065956,0.0210158886387235,0.16491852996687262,0.8163979849915526,0.7951540278343334,0.7351381517850455,0.6043625557231052,0.6441903017435041,0.32169683306109187,0.7101692959620172,0.03376558667358476,0.8389943100626602,0.7043056043048506,0.08559850028877902,0.7118191016142377,0.11917527781637649,0.6555401275218663,0.5529105824964664,0.6766365354409759,0.3206223063219228,0.6199572999740435,,,,,,,,,,,,,,,,,,,,,,,,,,,,,,
biasesTwo,0.36609997541980155,0.5065287760750865,0.9435741028695414,0.3420482759989958,0.27324955897421943,0.3300357663176573,0.29969857369354935,,,,,,,,,,,,,,,,,,,,,,,,,,,,,,,,,,,,,,,,,,,,,,,,,,,,,,,,,,,,,,,,,,,,,,,,,,,,,,,,,,,,,,,,,,,,,
Weights_3,0.5851292784932359,0.6877820420811305,0.5528471841550574,0.8206078422651121,0.8247774041108544,0.6295245590392938,0.5699728089457242,0.18252450505409112,0.9097426235621594,0.29609929315441996,0.866884390593214,0.6248731942708586,0.9607408846520461,0.2848924144567465,0.4828008813861857,0.36327709041185097,0.33450121115656006,0.6952714316312967,0.6329919868762272,0.5452060322370004,0.1499377516978918,0.3199469887580627,0.47620619336313363,0.7855119313206836,0.8648209542450647,0.9797387757986822,0.5020633569551446,0.8135918156574341,0.4402189012771103,0.6781522514128454,0.16758432112448007,0.6749462355768214,0.3667304826489388,0.8739315396547482,0.6171069470104528,,,,,,,,,,,,,,,,,,,,,,,,,,,,,,,,,,,,,,,,,,,,,,,,,,,,,,,,,,,,,,,,,
biasesThree,0.7517434392270269,0.7658569226106995,0.9844257561469302,0.48484491930391904,0.6739288825706172,,,,,,,,,,,,,,,,,,,,,,,,,,,,,,,,,,,,,,,,,,,,,,,,,,,,,,,,,,,,,,,,,,,,,,,,,,,,,,,,,,,,,,,,,,,,,,,
Weights_4,0.9647055854852844,0.47952452613016316,0.3653659148438815,0.8305474391914486,0.8126880010004331,0.9411734356919745,0.7602452779050748,0.9030908476762843,0.43003133273755156,0.6621649427856588,0.23242472659242364,0.5886062150065987,0.6890031559810569,0.373210546375508,0.6563708698657237,,,,,,,,,,,,,,,,,,,,,,,,,,,,,,,,,,,,,,,,,,,,,,,,,,,,,,,,,,,,,,,,,,,,,,,,,,,,,,,,,,,,,
biasesFour,0.5142811322405809,0.7006437062930417,0.21769627007410852,,,,,,,,,,,,,,,,,,,,,,,,,,,,,,,,,,,,,,,,,,,,,,,,,,,,,,,,,,,,,,,,,,,,,,,,,,,,,,,,,,,,,,,,,,,,,,,,,
Weights_5,0.7444238257173289,0.32132893212717484,0.6607847854190487,0.2980606848773507,0.7258073389642281,0.4077604014631996,,,,,,,,,,,,,,,,,,,,,,,,,,,,,,,,,,,,,,,,,,,,,,,,,,,,,,,,,,,,,,,,,,,,,,,,,,,,,,,,,,,,,,,,,,,,,,
FitnessValue,,,,,,,,,,,,,,,,,,,,,,,,,,,,,,,,,,,,,,,,,,,,,,,,,,,,,,,,,,,,,,,,,,,,,,,,,,,,,,,,,,,,,,,,,,,,,,,,,,,,
